1403637132.888319 -0.0000000 0.0000000 0.0000000 0.0000000 0.0000000 0.0000000 1.0000000
1403637133.238319 0.0012638 -0.0021862 -0.0024826 0.0014617 0.0014691 -0.0019137 0.9999960
1403637133.288319 0.0018750 -0.0035608 -0.0035317 0.0007711 0.0031062 -0.0043118 0.9999856
1403637133.388319 0.0032144 -0.0107992 -0.0067984 -0.0021935 0.0082521 -0.0054606 0.9999486
1403637133.788319 0.0141216 -0.0468462 -0.0228632 -0.0245564 0.0250946 -0.0015558 0.9993822
1403637133.988319 0.0156083 -0.1349330 -0.0459019 -0.0329437 0.0428923 0.0016797 0.9985350
1403637134.188319 0.0108408 -0.2597450 -0.0773358 -0.0284909 0.0615474 -0.0111037 0.9976357
1403637135.088319 0.0270423 -0.0846039 -0.0258457 -0.0736925 0.0610675 0.0090701 0.9953682
1403637135.188319 0.0335354 -0.0570651 -0.0246281 -0.0814270 0.0606155 0.0062427 0.9948148
1403637135.488319 0.0328233 -0.1907060 -0.0536248 -0.0724179 0.0709041 -0.0064697 0.9948298
1403637135.688319 0.0260143 -0.3589430 -0.0836241 -0.0272152 0.0837385 -0.0156319 0.9959934
1403637136.538319 0.0345275 -0.0967581 -0.0161914 -0.1034473 0.0744733 0.0091387 0.9918008
1403637139.438319 0.0439142 -0.0429900 0.0322200 -0.0572997 0.0592230 0.0049235 0.9965867
1403637139.588319 0.0414231 -0.0293935 0.0394012 -0.0499089 0.0487382 0.0035689 0.9975575
1403637139.988319 0.0443524 -0.0110466 0.0463667 -0.0223577 0.0483618 0.0062833 0.9985598
1403637140.338319 0.0505706 -0.0096763 0.0405844 -0.0030580 0.0619355 0.0147419 0.9979666
1403637143.038319 0.0499052 -0.0097055 0.0394408 -0.0035449 0.0604341 0.0184052 0.9979962
1403637148.788319 0.0491996 -0.0094623 0.0387745 -0.0056458 0.0569585 0.0188286 0.9981830
1403637149.088319 0.0491111 -0.0090069 0.0371642 -0.0065616 0.0549100 0.0181144 0.9983054
1403637149.338319 0.0492254 -0.0095657 0.0385011 -0.0071931 0.0533570 0.0174759 0.9983966
1403637149.588319 0.0491765 -0.0089653 0.0373710 -0.0104743 0.0489287 0.0145268 0.9986417
1403637149.688319 0.0488287 -0.0070357 0.0349031 -0.0189724 0.0396110 0.0089049 0.9989954
1403637149.788319 0.0500359 -0.0055944 0.0332109 -0.0246658 0.0347972 0.0076326 0.9990608
1403637149.838319 0.0508528 -0.0049737 0.0326016 -0.0299977 0.0330947 0.0070574 0.9989770
1403637149.888319 0.0533718 -0.0043624 0.0320012 -0.0385792 0.0324326 0.0081913 0.9986955
1403637150.788319 0.1892930 -0.2275630 0.1325420 -0.0475694 0.0691976 -0.0169980 0.9963232
1403637151.538319 0.2756520 -0.4320080 0.2694330 -0.0422079 0.0602208 -0.0088724 0.9972528
1403637152.188319 0.3642740 -0.5972890 0.3393950 -0.0467346 0.0586723 -0.0161226 0.9970524
1403637153.188319 0.5496590 -0.7189959 0.5299379 -0.0392462 0.0569260 -0.0163929 0.9974720
1403637153.988319 0.7043920 -0.8438510 0.6688680 -0.0389300 0.0594877 -0.0213673 0.9972407
1403637154.838319 0.9170840 -0.8099329 0.9073001 -0.0639470 0.0812024 -0.0206737 0.9944293
1403637155.588319 1.1304400 -0.9749130 1.2466203 -0.0300841 0.1625336 0.0190590 0.9860601
1403637156.138319 1.3246700 -0.9848739 1.4919199 -0.0256990 0.2557173 0.0724512 0.9636903
1403637156.338319 1.4272699 -0.9734022 1.5597200 -0.0187488 0.3045115 0.0944650 0.9476273
1403637156.388319 1.4558201 -0.9705840 1.5732602 -0.0183233 0.3176738 0.0988314 0.9428573
1403637156.488319 1.5161901 -0.9633569 1.5964597 -0.0166891 0.3434824 0.1076200 0.9328233
1403637156.638319 1.6143298 -0.9471030 1.6224298 -0.0126942 0.3819616 0.1163319 0.9167393
1403637156.838319 1.7551100 -0.9030909 1.6431900 -0.0186664 0.4259482 0.1197651 0.8965913
1403637157.888319 2.6291399 -0.7422770 1.6068101 -0.0173758 0.4277072 0.1340420 0.8937547
1403637158.538319 3.3091397 -0.7715451 1.3897600 -0.0079839 0.4641176 0.1267458 0.8766223
1403637158.738319 3.5205598 -0.7548051 1.2929199 0.0000053 0.4986711 0.1495267 0.8537968
1403637158.788319 3.5727105 -0.7456829 1.2659600 -0.0007420 0.5073729 0.1528499 0.8480620
1403637158.938319 3.7265797 -0.7126600 1.1793704 -0.0102528 0.5269039 0.1556777 0.8354828
1403637158.988319 3.7780895 -0.7032920 1.1483600 -0.0146450 0.5313645 0.1551127 0.8326928
1403637159.088319 3.8819995 -0.6898951 1.0838501 -0.0197212 0.5375847 0.1538151 0.8288273
1403637159.288319 4.0873995 -0.6622401 0.9528148 -0.0118970 0.5361779 0.1642180 0.8278914
1403637159.488319 4.2981901 -0.6114867 0.8151142 -0.0101897 0.5316293 0.1661140 0.8304653
1403637159.688319 4.5161796 -0.5456401 0.6681430 -0.0234715 0.5317481 0.1526546 0.8327003
1403637159.888319 4.7398796 -0.4986330 0.5158060 -0.0271239 0.5363142 0.1443503 0.8311404
1403637160.088319 4.9688501 -0.4576179 0.3658152 -0.0197944 0.5622706 0.1550800 0.8120407
1403637160.288319 5.1974802 -0.4069030 0.2204922 -0.0072352 0.6022714 0.1671501 0.7805624
1403637160.388319 5.3100400 -0.3738421 0.1471901 -0.0055549 0.6254640 0.1743651 0.7605004
1403637160.488319 5.4198294 -0.3360010 0.0727509 -0.0082796 0.6506104 0.1802741 0.7376577
1403637160.588319 5.5280004 -0.2947532 -0.0012743 -0.0128761 0.6752503 0.1867530 0.7134386
1403637160.738319 5.6884093 -0.2295320 -0.1099520 -0.0206225 0.7030333 0.1981104 0.6826941
1403637160.888319 5.8511696 -0.1765145 -0.2158284 -0.0254995 0.7170638 0.2057029 0.6654740
1403637161.038319 6.0186400 -0.1482610 -0.3210727 -0.0244780 0.7203540 0.2176655 0.6581129
1403637161.238319 6.2539911 -0.1553311 -0.4672503 0.0040270 0.7172862 0.2331571 0.6565988
1403637161.438319 6.4813395 -0.1852928 -0.6346706 0.0141099 0.7164540 0.2343849 0.6569310
1403637161.638319 6.7064605 -0.2169883 -0.8361764 0.0067033 0.7304778 0.2315887 0.6424359
1403637161.788319 6.8743801 -0.2298779 -0.9973552 0.0120611 0.7455691 0.2177686 0.6297286
1403637161.938319 7.0347004 -0.2329258 -1.1604401 0.0258436 0.7616010 0.1925439 0.6182417
1403637162.088319 7.1739802 -0.2237420 -1.3172100 0.0362968 0.7710619 0.1766350 0.6106932
1403637162.388319 7.3695788 -0.1602359 -1.6028392 0.0482050 0.7633676 0.2041049 0.6109725
1403637162.588319 7.4470296 -0.0931060 -1.8010800 0.0289739 0.7565516 0.2233131 0.6139392
1403637162.788319 7.4542699 -0.0460112 -2.0053205 0.0492144 0.7680439 0.2004322 0.6062288
1403637162.938319 7.4676404 0.0040032 -2.1819901 0.0512992 0.7879076 0.1956498 0.5816280
1403637163.238319 7.4217997 0.1425886 -2.5324900 0.0368272 0.8441415 0.2002736 0.4959429
1403637163.388319 7.3641391 0.2190936 -2.6895905 0.0396541 0.8677623 0.2090415 0.4491301
1403637163.538319 7.2933698 0.3048460 -2.8376198 0.0470892 0.8809088 0.2300632 0.4109176
1403637163.688319 7.1953812 0.3761933 -2.9698896 0.0501467 0.8826287 0.2602248 0.3882459
1403637163.888319 7.0393100 0.4389544 -3.1611705 0.0598069 0.8801301 0.2845950 0.3752330
1403637164.088319 6.8529110 0.4745541 -3.3851800 0.0683127 0.8820127 0.2802140 0.3726489
1403637164.238319 6.6901202 0.4916618 -3.5748005 0.0629001 0.8841590 0.2707308 0.3755146
1403637164.388319 6.5093193 0.5077248 -3.7737195 0.0459817 0.8852093 0.2638311 0.3803726
1403637164.538319 6.3232298 0.5282252 -3.9700990 0.0478939 0.8800983 0.2711141 0.3868207
1403637164.688319 6.1280899 0.5740759 -4.1696901 0.0509639 0.8755175 0.2760587 0.3932726
1403637164.838319 5.9245100 0.6382401 -4.3772302 0.0349849 0.8816154 0.2601012 0.3922726
1403637164.988319 5.7141404 0.7115083 -4.5871401 0.0260059 0.8902439 0.2518899 0.3786040
1403637165.138319 5.5037694 0.7934270 -4.7944798 0.0275196 0.9015952 0.2464508 0.3544444
1403637165.288319 5.2885599 0.8778930 -4.9951506 0.0241467 0.9137340 0.2484467 0.3205952
1403637165.438319 5.0686002 0.9443848 -5.1846995 0.0177574 0.9184306 0.2687187 0.2897587
1403637165.588319 4.8519802 0.9881220 -5.3724504 0.0119344 0.9217813 0.2786736 0.2692913
1403637165.738319 4.6430502 1.0251203 -5.5574102 -0.0093399 0.9265330 0.2760631 0.2554185
1403637165.888319 4.4513698 1.0687602 -5.7325191 -0.0306219 0.9291803 0.2708759 0.2496246
1403637166.088319 4.2351599 1.1440797 -5.9393301 -0.0525728 0.9263620 0.2633059 0.2641204
1403637166.338319 4.0381699 1.2870898 -6.1506906 -0.0450033 0.9264768 0.2417734 0.2848879
1403637166.588319 3.8965001 1.3915801 -6.2936497 -0.0209694 0.9278309 0.2074162 0.3093035
1403637167.038319 3.7119398 1.5295900 -6.3496308 -0.0887774 0.9157791 0.2193179 0.3246026
1403637167.438319 3.7731500 1.4909198 -6.1390295 -0.0937335 0.9177749 0.2065330 0.3259561
1403637167.638319 3.8895497 1.4363801 -5.9281797 -0.0298553 0.9090776 0.2505454 0.3315323
1403637167.788319 3.9909503 1.4065797 -5.7554402 -0.0101566 0.9014739 0.2656734 0.3415543
1403637167.938319 4.0963407 1.3856503 -5.5817909 -0.0153581 0.8916125 0.2759968 0.3586323
1403637168.088319 4.2089200 1.3534803 -5.4203701 -0.0285452 0.8874604 0.2707381 0.3718873
1403637168.238319 4.3331904 1.3311801 -5.2624612 -0.0202972 0.8838943 0.2708138 0.3807608
1403637168.438319 4.5138102 1.2825603 -4.9899306 -0.0158291 0.8896137 0.2445617 0.3853912
1403637168.638319 4.6938500 1.3127100 -4.7530999 -0.0052920 0.8891833 0.2426694 0.3878617
1403637169.288319 5.2879381 1.2968398 -3.9714999 -0.0327230 0.8835991 0.2347786 0.4038080
1403637169.838319 5.8448100 1.0724897 -3.2033691 -0.0310561 0.8123373 0.1795382 0.5539944
1403637170.338319 6.2848101 0.9156846 -2.3069282 -0.0378097 0.7341890 0.1311291 0.6650881
1403637170.638319 6.4761000 0.8402447 -1.6586494 0.0239112 0.6636940 0.1168874 0.7384279
1403637170.738319 6.5155001 0.8249840 -1.4405806 0.0373672 0.6389570 0.1052258 0.7610947
1403637170.788319 6.5285301 0.8182021 -1.3328100 0.0410003 0.6247112 0.1025154 0.7730106
1403637170.838319 6.5366006 0.8120512 -1.2269299 0.0381225 0.6105970 0.1018456 0.7844396
1403637170.988319 6.5357199 0.7855120 -0.9231429 0.0271370 0.5646276 0.0968372 0.8191959
1403637171.238319 6.4752002 0.7156830 -0.4685440 0.0191901 0.4969922 0.0932821 0.8625132
1403637171.788319 6.1393003 0.4926921 0.3147938 0.0092895 0.4790705 0.0519872 0.8761864
1403637172.538319 5.1483502 0.3435991 1.1776503 0.0123190 0.4790063 0.1351668 0.8672550
1403637172.938319 4.5431199 0.2076430 1.4169900 -0.0196266 0.4891641 0.1812160 0.8529326
1403637173.538319 4.0207000 0.2512572 1.5875599 -0.0164634 0.5844579 0.2289060 0.7782930
1403637174.638319 4.1841893 0.4296650 1.0288513 0.0432030 0.6919262 0.2146757 0.6879579
1403637175.238319 4.2733598 0.5012488 0.3264856 0.0473349 0.7849869 0.2193898 0.5774279
1403637175.888319 4.0577297 0.7452172 -0.5113214 0.0408273 0.7892857 0.2381608 0.5644827
1403637176.238319 3.8105593 0.8194610 -1.0561800 0.0434985 0.7961836 0.1984682 0.5699209
1403637176.488319 3.5769992 0.9013561 -1.4379097 0.0362812 0.8016071 0.2008638 0.5619283
1403637176.588319 3.4708095 0.9407439 -1.5870999 0.0321343 0.8059574 0.2087410 0.5530165
1403637176.688319 3.3603001 0.9839637 -1.7341797 0.0285022 0.8101349 0.2196362 0.5427973
1403637176.738319 3.3034599 1.0069399 -1.8065199 0.0270435 0.8115802 0.2253588 0.5383490
1403637176.788319 3.2458405 1.0305502 -1.8782300 0.0253182 0.8131253 0.2292831 0.5344300
1403637176.838319 3.1875007 1.0548400 -1.9493198 0.0233024 0.8145247 0.2330773 0.5307367
1403637176.938319 3.0695899 1.1064602 -2.0901506 0.0163796 0.8151742 0.2431776 0.5254403
1403637176.988319 3.0104496 1.1337498 -2.1597500 0.0112338 0.8148944 0.2482664 0.5236264
1403637177.038319 2.9517703 1.1619899 -2.2288101 0.0066264 0.8135179 0.2560806 0.5220799
1403637177.088319 2.8937101 1.1918700 -2.2976398 -0.0014086 0.8112960 0.2654554 0.5208936
1403637177.138319 2.8368697 1.2225202 -2.3664002 -0.0073180 0.8085891 0.2756026 0.5197820
1403637177.288319 2.6794405 1.3206397 -2.5765200 -0.0196715 0.8032079 0.2949103 0.5172021
1403637177.388319 2.5893300 1.3923798 -2.7221303 -0.0256639 0.8017691 0.2997671 0.5163791
1403637177.588319 2.4504700 1.5497900 -3.0316901 -0.0529401 0.8088254 0.2874395 0.5102718
1403637177.788319 2.3789701 1.6787498 -3.3545399 -0.0651996 0.8219231 0.2583800 0.5034196
1403637177.888319 2.3662498 1.7313697 -3.5099802 -0.0574166 0.8274868 0.2604347 0.4941081
1403637177.988319 2.3638504 1.7864600 -3.6584301 -0.0572015 0.8364501 0.2617415 0.4780906
1403637178.088319 2.3703904 1.8443998 -3.7987299 -0.0714826 0.8495713 0.2526675 0.4574690
1403637178.188319 2.3887398 1.9012702 -3.9283199 -0.0810788 0.8601693 0.2492716 0.4374913
1403637178.538319 2.5726399 2.0122099 -4.2937598 -0.0976542 0.8830400 0.2198070 0.4029751
1403637178.988319 3.0264401 2.0432301 -4.4901500 -0.0134207 0.8862732 0.2204183 0.4071308
1403637179.538319 3.6278992 2.0501103 -4.5642600 -0.0211124 0.8789807 0.2346116 0.4146138
1403637180.088319 4.2098098 2.1321297 -4.3693600 -0.0397842 0.8864624 0.2148183 0.4079887
1403637180.488319 4.6536999 2.1813202 -4.0482998 -0.0160046 0.8709459 0.2629673 0.4147834
1403637181.038319 5.2975607 2.0379500 -3.6270504 -0.0530879 0.8877278 0.2224878 0.3995250
1403637181.438319 5.8234005 1.7575197 -3.2356403 -0.0108596 0.8920487 0.2239428 0.3924039
1403637182.288319 6.8186703 0.9826670 -2.2143507 0.0253838 0.8933966 0.2274538 0.3866043
1403637183.188319 7.2726402 0.2964435 -0.9007964 0.0711875 0.8891568 0.2222076 0.3936449
1403637183.438319 7.2298799 0.2286150 -0.4998384 0.0804521 0.8863831 0.2302323 0.3935043
1403637183.588319 7.1673107 0.2064738 -0.2731915 0.0846138 0.8854362 0.2328619 0.3932158
1403637183.688319 7.1055994 0.1981601 -0.1260197 0.0891688 0.8847852 0.2341666 0.3928995
1403637183.788319 7.0248795 0.1935010 0.0197108 0.0945124 0.8811173 0.2444216 0.3936467
1403637183.838319 6.9782100 0.1909931 0.0894120 0.0965061 0.8789452 0.2507938 0.3940105
1403637183.888319 6.9279499 0.1872241 0.1554675 0.0990923 0.8767613 0.2569168 0.3942895
1403637183.938319 6.8729200 0.1827902 0.2187779 0.1017144 0.8748756 0.2623125 0.3942576
1403637183.988319 6.8132906 0.1778927 0.2790153 0.1034608 0.8730353 0.2678168 0.3941820
1403637184.038319 6.7490902 0.1711177 0.3354735 0.1053775 0.8714286 0.2724410 0.3940605
1403637184.088319 6.6804199 0.1631546 0.3878009 0.1056485 0.8708918 0.2749259 0.3934483
1403637184.138319 6.6059093 0.1547813 0.4371569 0.1033124 0.8711606 0.2758438 0.3928306
1403637184.238319 6.4456806 0.1367886 0.5230408 0.0923860 0.8735272 0.2739895 0.3915927
1403637184.288319 6.3606796 0.1324627 0.5629206 0.0809357 0.8757917 0.2712176 0.3909979
1403637184.338319 6.2737093 0.1324378 0.6016121 0.0681333 0.8779912 0.2687202 0.3902292
1403637184.388319 6.1850801 0.1368369 0.6398675 0.0557705 0.8793340 0.2680492 0.3896294
1403637184.438319 6.0947905 0.1436841 0.6777606 0.0451103 0.8799089 0.2685818 0.3893445
1403637184.588319 5.8207402 0.1744951 0.7869538 0.0238075 0.8765622 0.2810094 0.3900072
1403637184.988319 5.1260300 0.2587157 0.9912968 0.0040867 0.8672460 0.3068038 0.3920957
1403637186.438319 3.6936903 0.0866661 0.4458785 0.0010021 0.8864416 0.2556539 0.3858255
1403637187.288319 3.1547899 -0.0299611 -0.0450715 0.0355697 0.8806748 0.2847819 0.3768898
1403637187.638319 2.8997900 0.0725334 -0.3193599 0.0013031 0.8825597 0.3020842 0.3603218
1403637187.888319 2.7493901 0.1676118 -0.5484782 0.0015436 0.8814250 0.3101138 0.3562540
1403637187.988319 2.6991501 0.2116099 -0.6515350 -0.0028321 0.8826900 0.3074335 0.3554364
1403637188.038319 2.6765900 0.2348791 -0.7057397 -0.0052155 0.8838278 0.3045532 0.3550614
1403637188.138319 2.6364901 0.2839019 -0.8185771 -0.0084196 0.8862039 0.2980487 0.3545967
1403637188.238319 2.6033700 0.3365080 -0.9374038 -0.0166634 0.8915581 0.2826260 0.3535098
1403637188.388319 2.5678401 0.4200490 -1.1157701 -0.0137434 0.8966488 0.2674555 0.3525615
1403637188.488319 2.5495400 0.4778631 -1.2307502 -0.0067367 0.8990307 0.2610983 0.3514629
1403637188.538319 2.5409400 0.5072798 -1.2861400 -0.0020880 0.9005673 0.2590697 0.3490804
1403637188.738319 2.5067301 0.6298081 -1.4923401 0.0238977 0.9065540 0.2645289 0.3280444
1403637188.888319 2.4729099 0.7278699 -1.6370001 0.0425298 0.9108955 0.2748192 0.3048523
1403637188.988319 2.4425600 0.7916161 -1.7337097 0.0406078 0.9132609 0.2803153 0.2927948
1403637189.088319 2.4064100 0.8489968 -1.8332602 0.0270110 0.9147645 0.2861320 0.2839099
1403637189.488319 2.2689600 1.1106702 -2.2539401 0.0314963 0.9173739 0.2868863 0.2740973
1403637189.688319 2.1970601 1.2411799 -2.4839203 0.0212806 0.9218424 0.2708262 0.2764180
1403637189.888319 2.1167402 1.3348199 -2.7153304 0.0138930 0.9204363 0.2733608 0.2790661
1403637190.138319 2.0101099 1.3987099 -3.0040102 0.0140430 0.9233606 0.2645138 0.2779215
1403637190.238319 1.9679902 1.4125699 -3.1180601 0.0157500 0.9241784 0.2624770 0.2770419
1403637190.338319 1.9239500 1.4194897 -3.2294898 0.0163110 0.9247751 0.2617007 0.2757493
1403637190.388319 1.9015799 1.4196899 -3.2843399 0.0174815 0.9247714 0.2623054 0.2751147
1403637190.438319 1.8789500 1.4179499 -3.3383799 0.0195806 0.9247103 0.2626582 0.2748419
1403637190.588319 1.8092599 1.4150300 -3.4944797 0.0155178 0.9260553 0.2602940 0.2728146
1403637190.688319 1.7623498 1.4192801 -3.5903299 0.0056328 0.9257242 0.2571091 0.2773047
1403637190.788319 1.7176700 1.4260099 -3.6784499 0.0067436 0.9221167 0.2571184 0.2890423
1403637190.838319 1.6959001 1.4306903 -3.7206097 0.0089420 0.9200540 0.2573897 0.2952477
1403637190.988319 1.6304998 1.4520600 -3.8393393 0.0170459 0.9152400 0.2565367 0.3102162
1403637191.338319 1.4645000 1.5465302 -4.0784497 0.0175781 0.9118611 0.2510026 0.3243425
1403637191.388319 1.4391599 1.5639498 -4.1086407 0.0151689 0.9123729 0.2492359 0.3243872
1403637191.438319 1.4137001 1.5806601 -4.1381607 0.0133225 0.9127125 0.2480724 0.3244048
1403637191.538319 1.3606601 1.6082401 -4.1940794 0.0100686 0.9134919 0.2467165 0.3233606
1403637191.688319 1.2791300 1.6340203 -4.2722807 -0.0014830 0.9121754 0.2557778 0.3201744
1403637191.788319 1.2262599 1.6402998 -4.3205795 -0.0066265 0.9101329 0.2650312 0.3183907
1403637192.188319 1.0703199 1.5865996 -4.4986897 -0.0359912 0.9080641 0.2784322 0.3108049
1403637192.938319 1.1743100 1.3893802 -4.7587709 -0.0156447 0.9050232 0.2901336 0.3106619
1403637193.338319 1.3674500 1.2825000 -4.9452906 0.0174619 0.8971600 0.3106727 0.3134988
1403637193.688319 1.5525899 1.2679799 -5.1628494 -0.0164601 0.9070019 0.2820224 0.3123141
1403637194.088319 1.8273301 1.2125001 -5.4280496 -0.0153815 0.9112376 0.2678931 0.3124785
1403637194.488319 2.1553800 1.2430702 -5.6383915 -0.0139033 0.9093498 0.2752985 0.3116094
1403637194.888319 2.5314100 1.1942502 -5.8477898 -0.0176208 0.9055536 0.2905546 0.3086100
1403637195.288319 2.9578099 1.1933903 -6.0409393 -0.0036075 0.9156822 0.2597932 0.3066278
1403637195.738319 3.4364700 1.1987301 -6.1947799 -0.0013285 0.9093396 0.2533981 0.3299836
1403637196.138319 3.8443601 1.1410302 -6.2783709 -0.0446356 0.9144850 0.2209153 0.3360375
1403637196.288319 4.0095201 1.1233702 -6.2708998 -0.0512119 0.9206553 0.1943718 0.3346503
1403637196.438319 4.1822200 1.1073196 -6.2246003 -0.0549950 0.9244651 0.1792784 0.3319624
1403637196.488319 4.2410603 1.1014100 -6.1988010 -0.0533026 0.9247029 0.1793309 0.3315474
1403637196.588319 4.3613000 1.0895301 -6.1326108 -0.0480975 0.9248482 0.1814213 0.3308002
1403637196.738319 4.5443802 1.0716599 -5.9984798 -0.0378060 0.9240064 0.1896314 0.3298830
1403637196.788319 4.6054602 1.0669597 -5.9449706 -0.0337432 0.9234836 0.1932025 0.3297154
1403637197.188319 5.0806503 0.9973508 -5.3891191 -0.0038792 0.9130673 0.2107359 0.3491181
1403637197.938319 5.7919102 0.5373081 -4.0754304 -0.0349985 0.7797484 0.1743320 0.6003132
1403637198.088319 5.9013495 0.3978133 -3.7950499 -0.0375238 0.7503942 0.1575757 0.6408358
1403637198.138319 5.9350410 0.3471928 -3.6992788 -0.0380341 0.7408047 0.1529795 0.6529618
1403637198.188319 5.9680409 0.2940462 -3.6021492 -0.0380276 0.7310389 0.1499799 0.6645616
1403637198.238319 5.9993496 0.2392513 -3.5039110 -0.0395537 0.7212506 0.1470379 0.6757314
1403637198.288319 6.0292301 0.1824486 -3.4047508 -0.0398472 0.7125086 0.1396468 0.6864710
1403637198.338319 6.0577497 0.1256073 -3.3040810 -0.0406481 0.7034808 0.1350549 0.6965793
1403637198.388319 6.0849681 0.0397114 -3.1985035 -0.0417303 0.6960366 0.1260369 0.7056248
1403637198.438319 6.1111708 -0.0188959 -3.0945289 -0.0419317 0.6899413 0.1185854 0.7128536
1403637198.488319 6.1351705 -0.0754960 -2.9880900 -0.0427206 0.6854365 0.1118358 0.7182232
1403637198.538319 6.1574311 -0.1291251 -2.8786879 -0.0435960 0.6822914 0.1052288 0.7221528
1403637198.638319 6.1962500 -0.2260200 -2.6498494 -0.0456639 0.6789011 0.0944991 0.7266898
1403637198.688319 6.2123899 -0.2684442 -2.5303187 -0.0448744 0.6774509 0.0929580 0.7282893
1403637198.738319 6.2256289 -0.3068882 -2.4068518 -0.0438185 0.6762236 0.0926774 0.7295290
1403637198.788319 6.2368693 -0.3413150 -2.2806001 -0.0416105 0.6758205 0.0916022 0.7301672
1403637198.838319 6.2463493 -0.3727589 -2.1514018 -0.0356673 0.6757795 0.0896226 0.7307652
1403637198.888319 6.2540998 -0.4013410 -2.0194497 -0.0286925 0.6762505 0.0880298 0.7308303
1403637198.938319 6.2627606 -0.4283791 -1.8887391 -0.0189615 0.6756695 0.0905309 0.7313790
1403637198.988319 6.2677002 -0.4563590 -1.7559485 -0.0078307 0.6740149 0.0923544 0.7328801
1403637199.038319 6.2691007 -0.4851641 -1.6218693 0.0004817 0.6707714 0.0963201 0.7353829
1403637199.088319 6.2668800 -0.5146399 -1.4873102 0.0050701 0.6662385 0.1016529 0.7387606
1403637199.138319 6.2738595 -0.5409009 -1.3660798 0.0072529 0.6606675 0.1065560 0.7430422
1403637199.188319 6.2686300 -0.5707631 -1.2368596 0.0074756 0.6542656 0.1106837 0.7480841
1403637199.238319 6.2604198 -0.6021101 -1.1078396 0.0075029 0.6469883 0.1122834 0.7541500
1403637199.338319 6.2327199 -0.6706290 -0.8504202 0.0073130 0.6318961 0.1073108 0.7675534
1403637199.538319 6.1297898 -0.8183680 -0.3371962 0.0065514 0.5923083 0.0903151 0.8006067
1403637200.038319 5.6782203 -1.0091099 0.9253762 0.0794692 0.4353584 0.0884442 0.8923706
1403637200.338319 5.3071804 -0.9532488 1.5119803 0.0573279 0.3418660 0.0437839 0.9369761
1403637200.538319 5.0213699 -0.8928261 1.8018401 0.0024827 0.3121684 0.0411288 0.9491329
1403637200.788319 4.6606998 -0.8596139 2.0867605 -0.0022450 0.3000394 0.0647633 0.9517232
1403637200.988319 4.3783202 -0.8584560 2.2681694 0.0040149 0.3146184 0.0773023 0.9460568
1403637201.238319 4.0368700 -0.8816611 2.4312298 0.0010024 0.3355743 0.0850866 0.9381627
1403637201.738319 3.4718604 -0.8990049 2.5690000 0.0092464 0.3691274 0.1732041 0.9130498
1403637201.938319 3.3373897 -0.8673810 2.5393600 0.0123077 0.3831238 0.1579208 0.9100141
1403637202.188319 3.2294998 -0.8424462 2.4230499 -0.0127295 0.3745891 0.1738607 0.9106555
1403637202.338319 3.2073998 -0.8241780 2.3201199 -0.0427673 0.3815483 0.1458019 0.9117751
1403637202.438319 3.2082207 -0.8076960 2.2504497 -0.0529758 0.3850153 0.1309851 0.9120305
1403637202.588319 3.2285299 -0.7871130 2.1504300 -0.0446053 0.3870323 0.1201289 0.9131185
1403637202.638319 3.2395298 -0.7836431 2.1174302 -0.0391699 0.3877388 0.1162989 0.9135638
1403637202.738319 3.2649708 -0.7824597 2.0496297 -0.0317481 0.3892824 0.1084802 0.9141572
1403637202.838319 3.2939100 -0.7843457 1.9799500 -0.0319267 0.3926968 0.0964342 0.9140407
1403637202.938319 3.3251300 -0.7825401 1.9135404 -0.0345940 0.3960838 0.0859017 0.9135326
1403637202.988319 3.3406303 -0.7796820 1.8816500 -0.0358186 0.3973961 0.0823729 0.9132404
1403637203.338319 3.4418297 -0.7410089 1.6841400 -0.0345468 0.4006402 0.0779966 0.9122557
1403637203.638319 3.5140898 -0.6794639 1.5473504 -0.0349060 0.4038798 0.0741348 0.9111348
1403637203.738319 3.5339103 -0.6540279 1.5102801 -0.0332053 0.4045014 0.0748075 0.9108676
1403637203.938319 3.5652208 -0.5947610 1.4473104 -0.0317891 0.4056988 0.0749416 0.9103745
1403637204.188319 3.5882800 -0.5220702 1.3828402 -0.0326567 0.4069202 0.0755324 0.9097496
1403637205.038319 3.5418804 -0.5304381 1.1656400 -0.0377152 0.4149819 0.0893173 0.9046491
1403637205.238319 3.5196900 -0.5105180 1.1339999 -0.0412143 0.4133669 0.0893316 0.9052343
1403637205.338319 3.5081499 -0.4979280 1.1232898 -0.0413940 0.4076535 0.0864642 0.9080909
1403637207.638319 3.0292399 -0.4848880 1.0164599 -0.0274880 0.3884066 0.0968899 0.9159678
1403637209.588319 2.6307900 -0.4754390 0.7190880 -0.0721763 0.3492271 0.0745137 0.9312780
1403637209.938319 2.5668099 -0.5525410 0.7706124 -0.1023967 0.3354448 0.0838854 0.9327137
1403637210.288319 2.5960901 -0.5538870 0.9736301 -0.1401446 0.3321599 0.0961126 0.9277886
1403637210.638319 2.7657299 -0.5736450 1.3753899 -0.1143265 0.3330552 0.0889474 0.9317146
1403637210.788319 2.8731403 -0.5921859 1.5968094 -0.0990679 0.3304746 0.0913328 0.9341469
1403637210.838319 2.9121499 -0.5983011 1.6751901 -0.0939406 0.3290803 0.0944185 0.9348618
1403637210.938319 2.9952400 -0.6101890 1.8369299 -0.0795506 0.3264165 0.1021498 0.9363170
1403637211.088319 3.1342998 -0.6244188 2.0856996 -0.0541097 0.3258190 0.1070973 0.9377869
1403637211.338319 3.3848798 -0.6376930 2.5060396 -0.0363667 0.3383990 0.0852502 0.9364272
1403637211.588319 3.6554899 -0.6252781 2.9091001 -0.0331785 0.3428811 0.0833825 0.9350824
1403637211.738319 3.8165803 -0.6274109 3.1375899 -0.0414006 0.3399057 0.0928142 0.9349522
1403637211.888319 3.9816000 -0.6470121 3.3561006 -0.0513366 0.3347564 0.1090372 0.9345660
1403637212.038319 4.1602998 -0.6839631 3.5651100 -0.0494566 0.3389312 0.0988066 0.9343002
1403637212.188319 4.3465500 -0.7390581 3.7662895 -0.0293375 0.3447979 0.0827543 0.9345616
1403637212.338319 4.5291100 -0.8028679 3.9551704 -0.0187195 0.3478741 0.0762535 0.9342476
1403637212.438319 4.6466599 -0.8509871 4.0728297 -0.0167761 0.3499428 0.0746121 0.9336443
1403637212.588319 4.8158498 -0.9320269 4.2457800 -0.0275362 0.3512647 0.0784217 0.9325798
1403637212.638319 4.8716002 -0.9585809 4.2992396 -0.0329895 0.3518108 0.0798744 0.9320735
1403637212.788319 5.0405798 -1.0411801 4.4571805 -0.0429172 0.3527248 0.0798806 0.9313230
1403637212.838319 5.0973206 -1.0693899 4.5095305 -0.0462487 0.3530335 0.0793282 0.9310937
1403637212.988319 5.2664595 -1.1585901 4.6661110 -0.0494043 0.3538921 0.0728298 0.9311367
1403637213.188319 5.4865298 -1.2767000 4.8803706 -0.0488590 0.3487330 0.0776503 0.9327210
1403637213.338319 5.6497402 -1.3512801 5.0470505 -0.0465308 0.3467491 0.0786653 0.9334944
1403637213.388319 5.7042694 -1.3738800 5.1033902 -0.0452895 0.3468351 0.0775476 0.9336170
1403637213.438319 5.7589397 -1.3955300 5.1601391 -0.0429382 0.3468887 0.0766320 0.9337838
1403637213.488319 5.8135200 -1.4156604 5.2168412 -0.0413263 0.3474568 0.0752803 0.9337552
1403637213.538319 5.8684707 -1.4347701 5.2737007 -0.0400109 0.3478020 0.0734122 0.9338327
1403637213.588319 5.9234900 -1.4523798 5.3307209 -0.0402459 0.3501286 0.0658834 0.9335147
1403637213.638319 5.9776397 -1.4682399 5.3879900 -0.0415700 0.3518101 0.0601745 0.9332098
1403637213.738319 6.0825500 -1.4954700 5.5035100 -0.0466378 0.3544730 0.0502850 0.9325477
1403637213.788319 6.1328297 -1.5068300 5.5622406 -0.0499914 0.3548983 0.0480838 0.9323283
1403637213.838319 6.1816401 -1.5172402 5.6217799 -0.0515010 0.3547699 0.0462213 0.9323892
1403637213.938319 6.2751803 -1.5355599 5.7440200 -0.0540475 0.3546391 0.0442604 0.9323900
1403637213.988319 6.3199301 -1.5459800 5.8070693 -0.0516380 0.3544958 0.0422534 0.9326741
1403637214.038319 6.3624406 -1.5585097 5.8710108 -0.0477842 0.3523971 0.0414691 0.9337094
1403637214.138319 6.4414296 -1.5887499 6.0007200 -0.0377196 0.3425202 0.0452540 0.9376616
1403637214.188319 6.4782505 -1.6062298 6.0654807 -0.0331227 0.3358928 0.0466186 0.9401625
1403637214.238319 6.5137501 -1.6252899 6.1296792 -0.0296862 0.3290156 0.0458581 0.9427431
1403637214.338319 6.5796299 -1.6676903 6.2556987 -0.0227903 0.3129028 0.0384227 0.9487340
1403637214.388319 6.6096497 -1.6901698 6.3169990 -0.0197290 0.3038731 0.0305614 0.9520178
1403637214.438319 6.6373191 -1.7129101 6.3770194 -0.0187522 0.2941262 0.0206277 0.9553599
1403637214.488319 6.6623702 -1.7363501 6.4355497 -0.0182507 0.2833462 0.0103956 0.9587877
1403637214.588319 6.7046614 -1.7862003 6.5488586 -0.0175458 0.2630862 -0.0112531 0.9645472
1403637214.638319 6.7214198 -1.8127801 6.6037893 -0.0162022 0.2545660 -0.0222464 0.9666637
1403637214.738319 6.7450399 -1.8692902 6.7114496 -0.0143787 0.2419518 -0.0421604 0.9692652
1403637215.188319 6.6498594 -2.1034300 7.1588492 0.0000665 0.2209611 -0.0525979 0.9738632
1403637215.388319 6.5069900 -2.1634197 7.3375511 0.0129828 0.2064226 -0.0397415 0.9775693
1403637215.638319 6.2485099 -2.2144599 7.5037398 0.0339726 0.1540260 -0.0329889 0.9869314
1403637215.738319 6.1249599 -2.2327700 7.5417204 0.0246684 0.1275833 -0.0387189 0.9907648
1403637215.788319 6.0599098 -2.2421503 7.5555186 0.0163025 0.1134156 -0.0403948 0.9925923
1403637215.838319 5.9926300 -2.2518201 7.5651693 0.0081326 0.0992620 -0.0421661 0.9941342
1403637215.888319 5.9240198 -2.2628698 7.5721803 0.0018671 0.0855617 -0.0433582 0.9953873
1403637215.988319 5.7838106 -2.2886603 7.5784001 -0.0082516 0.0616894 -0.0425882 0.9971522
1403637216.088319 5.6411104 -2.3184900 7.5755210 -0.0129398 0.0385857 -0.0407424 0.9983405
1403637216.338319 5.2942405 -2.3733304 7.5483799 -0.0119821 0.0010203 -0.0362664 0.9992698
1403637216.738319 4.7889900 -2.3729200 7.4424396 0.0197244 -0.0072636 -0.0252043 0.9994613
1403637217.138319 4.3570499 -2.3295798 7.1549101 0.0174332 0.0013206 -0.0123281 0.9997712
1403637217.538319 4.0370798 -2.2047999 6.7086606 0.0078149 0.0008577 0.0188932 0.9997906
1403637217.888319 3.8932502 -2.0229399 6.2285299 0.0238721 -0.0407006 -0.0558282 0.9973248
1403637218.138319 3.8099501 -1.9062400 5.7967796 0.0080818 -0.0855600 -0.0718773 0.9937041
1403637218.288319 3.7645898 -1.8269701 5.5188203 0.0021672 -0.0984901 -0.0754037 0.9922748
1403637218.388319 3.7360797 -1.7653501 5.3302393 0.0022219 -0.1020943 -0.0778460 0.9917216
1403637218.438319 3.7223499 -1.7321501 5.2338805 0.0021504 -0.1033039 -0.0775845 0.9916170
1403637218.538319 3.6956601 -1.6647899 5.0365801 0.0029573 -0.1038602 -0.0788492 0.9914570
1403637218.588319 3.6823006 -1.6320901 4.9361596 0.0030573 -0.1032822 -0.0792976 0.9914814
1403637218.638319 3.6566699 -1.6067100 4.8248196 -0.0000319 -0.1025176 -0.0789908 0.9915899
1403637218.688319 3.6392901 -1.5780600 4.7206802 -0.0023742 -0.1010079 -0.0806750 0.9916064
1403637218.738319 3.6210899 -1.5502000 4.6139593 -0.0067435 -0.1005581 -0.0788333 0.9917802
1403637218.788319 3.6024499 -1.5215801 4.5064106 -0.0084171 -0.0996243 -0.0777203 0.9919494
1403637218.938319 3.5471597 -1.4102000 4.1876197 -0.0116490 -0.0922765 -0.0903121 0.9915609
1403637219.088319 3.4899001 -1.2694899 3.8722603 -0.0124384 -0.0872302 -0.0999971 0.9910786
1403637219.238319 3.4246402 -1.1276000 3.5514603 -0.0130934 -0.0864020 -0.0991282 0.9912300
1403637219.438319 3.3246701 -0.9546690 3.1043901 -0.0197144 -0.0862062 -0.0935109 0.9916832
1403637219.788319 3.1072001 -0.7118731 2.3139303 -0.0617210 -0.0840546 -0.0848806 0.9909191
1403637220.088319 2.8791299 -0.5923649 1.6908603 -0.0694100 -0.0837987 -0.0829858 0.9905924
1403637220.288319 2.7142899 -0.5576720 1.3030300 -0.0680811 -0.0856044 -0.0759940 0.9910912
1403637220.488319 2.5458601 -0.5540631 0.9365370 -0.0603770 -0.0900692 -0.0560992 0.9925196
1403637220.688319 2.3873899 -0.5417180 0.6055561 -0.0561772 -0.0906467 -0.0495957 0.9930597
1403637220.738319 2.3482602 -0.5373971 0.5300100 -0.0562982 -0.0899894 -0.0508683 0.9930483
1403637220.838319 2.2741101 -0.5252220 0.3821150 -0.0583141 -0.0895400 -0.0513086 0.9929499
1403637220.938319 2.2044702 -0.5097240 0.2423420 -0.0602077 -0.0886505 -0.0520157 0.9928799
1403637220.988319 2.1716297 -0.5000370 0.1747050 -0.0613193 -0.0873703 -0.0517185 0.9929408
1403637221.088319 2.1096399 -0.4768700 0.0442140 -0.0657031 -0.0804379 -0.0513464 0.9932655
1403637221.188319 2.0525401 -0.4498100 -0.0785770 -0.0701563 -0.0683171 -0.0500351 0.9939353
1403637221.338319 1.9750800 -0.4030140 -0.2482330 -0.0716613 -0.0449015 -0.0451537 0.9953942
1403637221.488319 1.9032501 -0.3476320 -0.4033320 -0.0714460 -0.0283387 -0.0392995 0.9962670
1403637221.738319 1.7969400 -0.2421790 -0.6234000 -0.0744164 -0.0126196 -0.0313455 0.9966546
1403637221.938319 1.7233701 -0.1523870 -0.7528600 -0.0770122 0.0012220 -0.0224361 0.9967769
1403637222.188319 1.6579499 -0.0328748 -0.8616970 -0.0769160 0.0522949 -0.0071666 0.9956394
1403637222.488319 1.6081100 0.1114000 -0.9407160 -0.0453205 0.1015946 0.0035789 0.9937866
1403637222.788319 1.5725600 0.2082110 -1.0175699 -0.0446701 0.1161141 0.0062504 0.9922112
1403637225.938319 1.4078499 0.1465200 -1.1119900 -0.0439040 0.0997041 -0.0173884 0.9938959
1403637226.538319 1.2378401 0.0650332 -1.2110100 -0.0534966 0.1000895 -0.0195201 0.9933475
1403637227.188319 1.0109600 0.1044400 -1.2098800 -0.0475477 0.0909143 0.0180114 0.9945599
1403637229.388319 0.7575700 0.1316890 -1.1349299 -0.0323523 0.1143249 -0.0159368 0.9927886
1403637229.938319 0.7147229 0.2608500 -1.1674001 -0.0452313 0.2511101 0.0466264 0.9657763
1403637230.138319 0.7322460 0.3082990 -1.1641200 -0.0439432 0.3102274 0.0606983 0.9477044
1403637230.338319 0.7462750 0.3312020 -1.1624900 -0.0508007 0.3477369 0.0733445 0.9333375
1403637230.438319 0.7538229 0.3278470 -1.1586800 -0.0429384 0.3582042 0.0728866 0.9298030
1403637230.638319 0.7659489 0.2970440 -1.1511700 -0.0172583 0.3755689 0.0688410 0.9240731
1403637230.738319 0.7681081 0.2750070 -1.1516701 -0.0129819 0.3885739 0.0777463 0.9180399
1403637230.788319 0.7681280 0.2629680 -1.1535500 -0.0155078 0.3959829 0.0854648 0.9141405
1403637230.838319 0.7679390 0.2510210 -1.1562200 -0.0208096 0.4039863 0.0964054 0.9094328
1403637230.938319 0.7698690 0.2309620 -1.1625900 -0.0316613 0.4248752 0.1162313 0.8972006
1403637231.538319 0.9062491 0.3350610 -1.1919498 -0.0147852 0.6172584 0.2065029 0.7590322
1403637231.788319 1.0177400 0.5046770 -1.2107500 -0.0082033 0.6961418 0.2352081 0.6782303
1403637231.938319 1.0958101 0.5920749 -1.2422200 -0.0057547 0.7303176 0.2502800 0.6355809
1403637231.988319 1.1236900 0.6174390 -1.2567101 -0.0039498 0.7401167 0.2541442 0.6225933
1403637232.088319 1.1851401 0.6579369 -1.2953000 0.0125778 0.7612203 0.2523623 0.5972427
1403637232.188319 1.2447399 0.6937469 -1.3438201 0.0282678 0.7804627 0.2501649 0.5722730
1403637232.338319 1.3245499 0.7407380 -1.4344701 0.0324326 0.8061023 0.2471659 0.5367087
1403637232.388319 1.3486497 0.7541032 -1.4691401 0.0313496 0.8149449 0.2441726 0.5246539
1403637232.438319 1.3717997 0.7666180 -1.5054998 0.0317412 0.8227746 0.2435670 0.5125520
1403637232.488319 1.3929899 0.7783449 -1.5431600 0.0335615 0.8297086 0.2453532 0.5002590
1403637232.538319 1.4125001 0.7890280 -1.5815399 0.0375517 0.8340905 0.2545785 0.4879269
1403637232.638319 1.4467399 0.8079740 -1.6634099 0.0423547 0.8421611 0.2748064 0.4620088
1403637232.738319 1.4756600 0.8227199 -1.7545099 0.0461534 0.8495770 0.2937530 0.4356582
1403637232.888319 1.5066400 0.8400252 -1.9081898 0.0403134 0.8577718 0.3167729 0.4028118
1403637232.938319 1.5156401 0.8443922 -1.9652802 0.0349463 0.8594258 0.3227500 0.3949665
1403637232.988319 1.5242901 0.8481774 -2.0258899 0.0292066 0.8612787 0.3258260 0.3888232
1403637233.088319 1.5427701 0.8545673 -2.1575398 0.0169171 0.8633755 0.3310833 0.3803689
1403637233.288319 1.5929899 0.8817294 -2.4545903 -0.0031007 0.8608441 0.3432594 0.3756471
1403637233.488319 1.6738400 0.9504509 -2.7936900 -0.0224295 0.8568236 0.3479988 0.3797988
1403637233.588319 1.7279599 1.0069501 -2.9753900 -0.0484125 0.8645471 0.3209029 0.3837132
1403637233.688319 1.7949803 1.0760601 -3.1586199 -0.0738028 0.8756271 0.2795381 0.3868963
1403637234.038319 2.1467099 1.3263701 -3.6958499 -0.1164889 0.8908927 0.2065826 0.3873810
1403637234.188319 2.3534093 1.4233799 -3.8518400 -0.1291589 0.8946840 0.1859022 0.3850961
1403637234.238319 2.4303999 1.4533799 -3.8919599 -0.1292118 0.8957289 0.1824377 0.3843052
1403637234.288319 2.5113707 1.4823798 -3.9257898 -0.1258647 0.8969379 0.1800741 0.3837106
1403637234.338319 2.5969095 1.5101998 -3.9540100 -0.1195533 0.8978601 0.1793809 0.3838969
1403637234.588319 3.0688403 1.6274500 -3.9993598 -0.0654127 0.8928870 0.1855022 0.4050468
1403637234.738319 3.3672605 1.6919401 -3.9633901 -0.0379651 0.8826942 0.1867551 0.4295719
1403637234.838319 3.5644898 1.7343500 -3.9180803 -0.0202367 0.8727770 0.1901976 0.4490830
1403637234.888319 3.6612599 1.7537498 -3.8904700 -0.0106645 0.8665825 0.1941995 0.4595733
1403637234.988319 3.8486202 1.7872599 -3.8288400 0.0020276 0.8544577 0.1967294 0.4808278
1403637235.588319 4.7891898 1.8327898 -3.3547695 -0.0319412 0.7898809 0.2158689 0.5731217
1403637236.088319 5.4837499 1.6517603 -2.8684299 -0.0576455 0.7526843 0.1325374 0.6423217
1403637236.588319 6.0587306 1.2224001 -2.0941401 -0.0472174 0.6846776 0.1144103 0.7182600
1403637236.938319 6.3524394 0.8641261 -1.3880398 0.0000746 0.6550615 0.0867308 0.7505812
1403637236.988319 6.3807001 0.8076311 -1.2811406 0.0104481 0.6503155 0.0798405 0.7553847
1403637237.038319 6.4043798 0.7497692 -1.1736209 0.0225977 0.6459577 0.0732579 0.7595139
1403637237.088319 6.4220405 0.6907760 -1.0659699 0.0339562 0.6413930 0.0676765 0.7634670
1403637237.188319 6.4396200 0.5683970 -0.8513621 0.0547129 0.6288429 0.0621328 0.7731122
1403637237.638319 6.1928506 -0.0116427 0.0296834 0.0666548 0.5753404 0.0778814 0.8114648
1403637238.138319 5.4861398 -0.5676180 0.7233600 0.0618827 0.5815430 0.1674894 0.7936785
1403637238.638319 4.6517901 -0.8600782 0.9993164 0.0894818 0.6741502 0.2895845 0.6735395
1403637238.888319 4.2293096 -0.9016150 0.9164550 0.0483475 0.6836460 0.3650012 0.6301308
1403637239.438319 3.6919799 -0.8480932 0.0659994 -0.0047683 0.7467600 0.3255055 0.5799768
1403637239.788319 3.5941501 -0.6172861 -0.7162870 0.0137257 0.8140787 0.2998492 0.4971700
1403637239.888319 3.5807700 -0.5150309 -0.9506331 0.0166751 0.8382753 0.2769742 0.4693632
1403637240.438319 3.4800401 0.1536440 -2.1862299 0.0019652 0.9011034 0.2920112 0.3205282
1403637240.938319 3.4546499 0.6495872 -3.2943499 -0.0178266 0.9152191 0.2662396 0.3019483
1403637241.038319 3.4679697 0.7274467 -3.5125794 -0.0163152 0.9165127 0.2588595 0.3045160
1403637241.088319 3.4762299 0.7681499 -3.6176403 -0.0146395 0.9153402 0.2608979 0.3063824
1403637241.138319 3.4852099 0.8102549 -3.7205596 -0.0148783 0.9142389 0.2624944 0.3082896
1403637241.188319 3.4950304 0.8535469 -3.8212700 -0.0153240 0.9132846 0.2636613 0.3100953
1403637241.238319 3.5058300 0.8976858 -3.9208295 -0.0188866 0.9131466 0.2621079 0.3116184
1403637241.288319 3.5174103 0.9426290 -4.0186996 -0.0230608 0.9129221 0.2607923 0.3130956
1403637241.338319 3.5309200 0.9880946 -4.1153998 -0.0259747 0.9129933 0.2584265 0.3146179
1403637241.388319 3.5456097 1.0342999 -4.2103605 -0.0309230 0.9133480 0.2552885 0.3157010
1403637241.938319 3.8169200 1.3977399 -5.0675802 -0.0190381 0.9222670 0.2067651 0.3260511
1403637242.388319 4.0736303 1.4768400 -5.4377184 -0.0358506 0.9261137 0.1975037 0.3194064
1403637242.738319 4.2976007 1.4869999 -5.4976802 -0.0358113 0.9210888 0.1843204 0.3410850
1403637243.138319 4.5542789 1.3627796 -5.3055000 -0.0211352 0.9046324 0.1782474 0.3865507
1403637243.538319 4.7665191 1.2399400 -4.8818102 -0.0153340 0.8942977 0.2109020 0.3943564
1403637244.838319 5.2545695 0.2919405 -3.5138702 -0.0276254 0.8624110 0.2650945 0.4303591
1403637245.088319 5.3684602 0.1273055 -3.3247700 -0.0190248 0.8479217 0.2827906 0.4479914
1403637245.588319 5.6975389 -0.0831394 -3.0406904 -0.0335506 0.8440235 0.2690865 0.4626998
1403637245.838319 5.9223204 -0.1406429 -2.9197001 -0.0277434 0.8264452 0.2480115 0.5046871
1403637245.888319 5.9710898 -0.1488261 -2.8951499 -0.0244109 0.8214704 0.2390981 0.5171291
1403637245.988319 6.0686102 -0.1611290 -2.8429501 -0.0198113 0.8073395 0.2236156 0.5457165
1403637246.038319 6.1171498 -0.1655350 -2.8155403 -0.0191193 0.7983713 0.2164385 0.5615978
1403637246.088319 6.1654706 -0.1690929 -2.7869601 -0.0178882 0.7878969 0.2099382 0.5786402
1403637246.138319 6.2138090 -0.1712911 -2.7572393 -0.0176876 0.7763849 0.2029509 0.5964265
1403637246.188319 6.2607799 -0.1725540 -2.7263603 -0.0175502 0.7635385 0.1966985 0.6148257
1403637246.238319 6.3071499 -0.1725241 -2.6944401 -0.0168233 0.7496862 0.1904957 0.6335605
1403637246.288319 6.3528700 -0.1712780 -2.6615703 -0.0179918 0.7349488 0.1843086 0.6523473
1403637246.338319 6.3978295 -0.1694238 -2.6278601 -0.0186618 0.7196172 0.1764451 0.6713195
1403637246.688319 6.6812797 -0.1316223 -2.3676300 -0.0189097 0.6132380 0.1026753 0.7829683
1403637246.738319 6.7141800 -0.1247711 -2.3256798 -0.0175687 0.5983037 0.0936122 0.7955883
1403637246.788319 6.7438002 -0.1198242 -2.2827301 -0.0154818 0.5829113 0.0863768 0.8077832
1403637246.988319 6.8276596 -0.1140110 -2.1064498 -0.0253271 0.5238349 0.0732161 0.8482894
1403637247.088319 6.8538499 -0.1204479 -2.0157001 -0.0358636 0.5024040 0.0780738 0.8603537
1403637247.138319 6.8645501 -0.1238840 -1.9691498 -0.0400855 0.4940978 0.0828488 0.8645210
1403637247.188319 6.8740597 -0.1260710 -1.9219096 -0.0437966 0.4879896 0.0860463 0.8674930
1403637247.238319 6.8831100 -0.1280510 -1.8734100 -0.0454466 0.4830637 0.0901508 0.8697453
1403637247.638319 6.9145803 -0.1188730 -1.4627497 -0.0045475 0.4778322 0.0692267 0.8757073
1403637248.038319 6.7748890 -0.1030410 -1.0491703 -0.0026655 0.4307753 0.0441637 0.9013740
1403637248.938319 5.9840894 -0.1596591 -0.1786077 -0.0363811 0.3845087 0.0608462 0.9203951
1403637250.138319 4.5850000 -0.4056011 0.9305730 -0.0227104 0.3555705 0.0694134 0.9317916
1403637250.438319 4.1879902 -0.4440660 1.1842698 -0.0222223 0.3189322 0.0820544 0.9439573
1403637250.738319 3.8431301 -0.4523381 1.3973902 -0.0318864 0.3018703 0.0874212 0.9487966
1403637251.038319 3.5576601 -0.5150179 1.5663004 -0.0297920 0.2937360 0.0871469 0.9514394
1403637251.238319 3.3985801 -0.5881931 1.6545902 -0.0341381 0.2775583 0.0948259 0.9554078
1403637251.538319 3.2228999 -0.7374561 1.7415099 -0.0286381 0.2539648 0.0636284 0.9646933
1403637251.788319 3.1118000 -0.8333171 1.7992200 -0.0265928 0.2258160 0.0511730 0.9724615
1403637251.988319 3.0422797 -0.8871421 1.8370602 -0.0185005 0.2201596 0.0321975 0.9747568
1403637252.038319 3.0260701 -0.8979920 1.8454702 -0.0160073 0.2201550 0.0278862 0.9749348
1403637252.188319 2.9750800 -0.9234110 1.8647302 -0.0059278 0.2177654 0.0242830 0.9756810
1403637252.338319 2.9214399 -0.9322779 1.8750101 -0.0064414 0.2146764 0.0308307 0.9761773
1403637252.638319 2.8168402 -0.8958300 1.8729699 -0.0259975 0.2127908 0.0430836 0.9758012
1403637252.788319 2.7707801 -0.8629609 1.8661902 -0.0403436 0.2095877 0.0563986 0.9753280
1403637252.838319 2.7581501 -0.8539910 1.8621597 -0.0439810 0.2095842 0.0571866 0.9751256
1403637253.138319 2.7086699 -0.8453079 1.8278601 -0.0287731 0.2179886 0.0366526 0.9748383
1403637253.438319 2.6700201 -0.8350061 1.7824800 -0.0256277 0.2195166 0.0377002 0.9745432
1403637253.738319 2.6401300 -0.7876819 1.7290698 -0.0265385 0.2226809 0.0296104 0.9740801
1403637253.938319 2.6166000 -0.7820080 1.6786999 -0.0243604 0.2244757 0.0240904 0.9738773
1403637253.988319 2.6092601 -0.7835110 1.6645001 -0.0244266 0.2248827 0.0236381 0.9737928
1403637254.088319 2.5921099 -0.7914450 1.6338902 -0.0230977 0.2248656 0.0216707 0.9738749
1403637254.238319 2.5585899 -0.8109160 1.5817499 -0.0247168 0.2154839 0.0181079 0.9760266
1403637254.338319 2.5319700 -0.8282970 1.5426902 -0.0311521 0.2064537 0.0145449 0.9778522
1403637254.488319 2.4891601 -0.8519860 1.4847499 -0.0395754 0.1946723 0.0115570 0.9800015
1403637254.588319 2.4596100 -0.8622440 1.4494901 -0.0409586 0.1886076 0.0101734 0.9811453
1403637254.838319 2.3827801 -0.8660070 1.3744898 -0.0307132 0.1808372 0.0090460 0.9829918
1403637254.888319 2.3667603 -0.8625320 1.3606801 -0.0283542 0.1799996 0.0091785 0.9832151
1403637254.988319 2.3338399 -0.8519770 1.3339100 -0.0243231 0.1791315 0.0094205 0.9834793
1403637255.138319 2.2805500 -0.8299159 1.2913699 -0.0233774 0.1723035 0.0086628 0.9847283
1403637255.388319 2.1819401 -0.8123200 1.2053599 -0.0229711 0.1479642 0.0054547 0.9887109
1403637255.588319 2.0982201 -0.7929121 1.1263400 -0.0265438 0.1228367 -0.0056930 0.9920555
1403637255.788319 2.0101800 -0.7550250 1.0439899 -0.0333686 0.0880713 -0.0224003 0.9953031
1403637255.988319 1.9135700 -0.7394570 0.9544370 -0.0414211 0.0482744 -0.0350442 0.9973594
1403637256.188319 1.8132300 -0.7531611 0.8590819 -0.0401106 0.0265471 -0.0449540 0.9978304
1403637256.438319 1.6830800 -0.7519009 0.7499710 -0.0302439 0.0196517 -0.0497472 0.9981104
1403637256.638319 1.5725900 -0.7223021 0.6652871 -0.0311813 0.0222498 -0.0470509 0.9981577
1403637256.838319 1.4577301 -0.6716410 0.5805120 -0.0493873 0.0199253 -0.0215872 0.9983476
1403637257.088319 1.3260700 -0.6111401 0.4870980 -0.0388007 0.0093955 -0.0333930 0.9986446
1403637257.288319 1.2227601 -0.5907480 0.4065020 -0.0389332 -0.0033121 -0.0444952 0.9982452
1403637257.488319 1.1183100 -0.5904430 0.3220330 -0.0428281 -0.0119668 -0.0526358 0.9976232
1403637257.688319 1.0109501 -0.5743810 0.2450280 -0.0526080 -0.0166085 -0.0535960 0.9970376
1403637257.888319 0.8983381 -0.5388950 0.1815220 -0.0644985 -0.0292297 -0.0530845 0.9960761
1403637258.088319 0.7827150 -0.4937070 0.1368190 -0.0683442 -0.0575024 -0.0560561 0.9944246
1403637258.288319 0.6651610 -0.4723590 0.1072130 -0.0518796 -0.0932821 -0.0727865 0.9916194
1403637258.688319 0.4370540 -0.4051140 0.0830667 -0.0468254 -0.1294229 -0.0675744 0.9881755
1403637259.038319 0.2715560 -0.3327930 0.0778739 -0.0403399 -0.1313308 -0.0609825 0.9886385
1403637259.638319 0.0754723 -0.3701830 0.0287509 -0.0374759 -0.1296375 -0.0428259 0.9899271
1403637260.538319 0.0680910 -0.2520380 -0.0053254 -0.0428074 -0.1164834 -0.0902818 0.9881540
1403637260.988319 0.0432047 -0.1459620 -0.0117150 -0.0359752 -0.1218597 -0.0803602 0.9886345
1403637261.338319 0.0037144 -0.0662755 -0.0170738 -0.0590422 -0.1208299 -0.0828317 0.9874477
1403637261.738319 -0.0576622 -0.0412469 -0.0131066 -0.0660835 -0.1208466 -0.0787697 0.9873320
1403637262.138319 -0.1252040 -0.0457265 0.0260040 -0.0350450 -0.1214303 -0.0681402 0.9896380
1403637262.238319 -0.1393220 -0.0285452 0.0380794 -0.0340402 -0.1218107 -0.0636832 0.9899232
1403637262.338319 -0.1449220 -0.0202087 0.0410486 -0.0124148 -0.1331309 -0.0264047 0.9906689
1403637262.388319 -0.1404000 -0.0163127 0.0392167 -0.0119650 -0.1226168 -0.0602505 0.9905513
1403637262.438319 -0.1363280 -0.0152135 0.0394525 -0.0233717 -0.1061575 -0.0560673 0.9924922
1403637262.638319 -0.1293440 -0.0138586 0.0332745 0.0012249 -0.0944668 -0.0287254 0.9951128
1403637262.988319 -0.1300130 -0.0101326 0.0369225 -0.0150598 -0.0948581 -0.0300824 0.9949222
1403637263.188319 -0.1295440 -0.0105292 0.0372931 -0.0148003 -0.0942910 -0.0310556 0.9949501
1403637263.788319 -0.1300570 -0.0105506 0.0371994 -0.0153716 -0.0946734 -0.0300436 0.9949362
1403637264.238319 -0.1299770 -0.0105331 0.0370185 -0.0156886 -0.0947326 -0.0299001 0.9949300
1403637264.288319 -0.1298880 -0.0105615 0.0371244 -0.0156329 -0.0946932 -0.0300134 0.9949312
1403637264.338319 -0.1297220 -0.0105436 0.0372107 -0.0156678 -0.0946727 -0.0300922 0.9949301
