0 92 0.258268 2.25174 54 342
1 228 0.0125262 0.173783 54 342
2 363 0.0104579 0.22673 0 496
3 396 0.00882022 0.21337 0 496
4 380 0.00854686 0.235842 0 496
5 375 0.00901934 0.208462 0 496
6 345 0.00962791 0.213757 0 496
7 324 0.0094189 0.190736 0 496
8 333 0.010559 0.233831 0 496
9 318 0.00867182 0.229587 0 496
10 341 0.0087128 0.201643 0 496
11 300 0.0102102 0.23373 0 496
12 296 0.00963242 0.188991 0 496
13 342 0.0113098 0.213636 0 496
14 336 0.00832223 0.207085 0 496
15 389 0.0102947 0.193534 0 496
16 389 0.0086008 0.137398 0 496
17 377 0.00864482 0.163631 0 496
18 373 0.00923754 0.167478 0 496
19 336 0.00817634 0.174579 0 496
20 278 0.00856165 0.118122 0 496
21 249 0.00895986 0.0968738 0 496
22 220 0.00907417 0.112712 0 496
23 192 0.0064709 0.107015 0 496
24 172 0.00432948 0.141033 0 496
25 183 0.00530904 0.114007 0 496
26 166 0.00530852 0.193276 0 496
27 202 0.00530893 0.179879 0 496
28 244 0.00451149 0.213181 0 496
29 294 0.00389544 0.129739 0 496
30 327 0.00414196 0.160193 0 496
31 351 0.00398957 0.0998299 0 496
32 389 0.00418861 0.131469 0 496
33 377 0.00705582 0.137321 0 496
34 372 0.00748331 0.181517 0 496
35 362 0.00667771 0.151448 0 496
36 339 0.00549294 0.169482 0 496
37 325 0.0100549 0.1813 0 496
38 319 0.0098404 0.192525 0 496
39 294 0.00864136 0.20626 0 496
40 286 0.00678624 0.218225 0 496
41 299 0.00816945 0.18265 0 496
42 331 0.0114252 0.206095 0 496
43 329 0.0107868 0.194996 0 496
44 362 0.00714694 0.229256 0 496
45 374 0.00754856 0.207754 0 496
46 396 0.00875737 0.230224 0 496
47 405 0.00741541 0.22354 0 496
48 405 0.00963021 0.239307 0 496
49 407 0.00909587 0.23006 0 496
50 385 0.00868604 0.209404 0 496
51 301 0.00509281 0.276591 0 496
52 267 0.00439913 0.151619 0 496
53 218 0.00550101 0.258214 0 496
54 216 0.00538935 0.158428 0 496
55 182 0.00554648 0.125576 0 496
56 193 0.00647908 0.242328 0 496
57 200 0.00556372 0.150117 0 496
58 260 0.00563358 0.0993352 0 496
59 286 0.00531338 0.143157 0 496
60 316 0.00473863 0.217616 0 496
61 338 0.0064593 0.179058 0 496
62 371 0.00470567 0.202174 0 496
63 374 0.00466644 0.214432 0 496
64 377 0.00472618 0.181044 0 496
65 354 0.00592458 0.192321 0 496
66 323 0.00490737 0.188443 0 496
67 308 0.0058469 0.155331 0 496
68 293 0.00557418 0.148286 0 496
69 289 0.00899002 0.15398 0 496
70 276 0.00706971 0.154602 0 496
71 276 0.00616189 0.172486 0 496
72 279 0.0117633 0.199718 0 496
73 283 0.0115443 0.147775 0 496
74 308 0.00901233 0.13727 0 496
75 321 0.0117759 0.167284 0 496
76 335 0.00858762 0.147082 0 496
77 351 0.00733651 0.202029 0 496
78 375 0.00722197 0.215146 0 496
79 393 0.00659521 0.228074 0 496
80 407 0.00762016 0.236064 0 496
81 400 0.00783346 0.238312 0 496
82 377 0.00863555 0.181002 0 496
83 324 0.00523153 0.105066 0 496
84 262 0.00455365 0.122693 0 496
85 219 0.0049423 0.109002 0 496
86 182 0.00507132 0.133362 0 496
87 179 0.00540764 0.0960683 0 496
88 213 0.00644096 0.117763 0 496
89 242 0.00500298 0.157014 0 496
90 266 0.00624903 0.148049 0 496
91 332 0.00576397 0.158892 0 496
92 343 0.00605009 0.156335 0 496
93 361 0.00437547 0.136167 0 496
94 369 0.00504069 0.16869 0 496
95 334 0.00529701 0.146358 0 496
96 327 0.00785887 0.136235 0 496
97 321 0.00548448 0.122256 0 496
98 319 0.00576165 0.143996 0 496
99 315 0.00894284 0.0822816 0 496
100 300 0.0083883 0.12305 0 496
101 284 0.00932934 0.105472 0 496
102 285 0.00982046 0.142931 0 496
103 290 0.00393165 0.140407 0 496
104 305 0.00779525 0.150306 0 496
105 315 0.00600858 0.157549 0 496
106 333 0.00908327 0.162042 0 496
107 343 0.0111576 0.159757 0 496
108 348 0.00530968 0.176634 0 496
109 381 0.00873404 0.169319 0 496
110 382 0.00733172 0.236507 0 496
111 413 0.00550311 0.227927 0 496
112 399 0.00734018 0.208251 0 496
113 380 0.0050282 0.248788 0 496
114 378 0.00672621 0.223778 0 496
115 328 0.00746262 0.202888 0 496
116 318 0.00677426 0.23682 0 496
117 300 0.00647037 0.161853 0 496
118 259 0.00556251 0.184918 0 496
119 255 0.00537196 0.158544 0 496
120 241 0.00581125 0.157458 0 496
121 249 0.00551764 0.180592 0 496
122 276 0.00584849 0.184321 0 496
123 308 0.00540803 0.20043 0 496
124 344 0.00523774 0.197724 0 496
125 321 0.005114 0.165176 0 496
126 376 0.00543809 0.176453 0 496
127 342 0.00631548 0.178884 0 496
128 349 0.00603058 0.168438 0 496
129 330 0.00690094 0.158257 0 496
130 321 0.00698336 0.18123 0 496
131 318 0.00654807 0.206431 0 496
132 292 0.00632177 0.197904 0 496
133 285 0.0112372 0.178968 0 496
134 267 0.0101968 0.198018 0 496
135 276 0.00980521 0.154891 0 496
136 281 0.009163 0.201359 0 496
137 305 0.00913405 0.156843 0 496
138 296 0.00731009 0.171442 0 496
139 322 0.00797496 0.194025 0 496
140 324 0.0126855 0.228706 0 496
141 336 0.0103097 0.26231 0 496
142 347 0.0108023 0.24828 0 496
143 361 0.0115203 0.248369 0 496
144 357 0.0111566 0.269645 0 496
145 387 0.0083734 0.267232 0 496
146 395 0.00853211 0.276162 0 496
147 380 0.00876347 0.261528 0 496
148 385 0.00667013 0.253693 0 496
149 351 0.00727613 0.278699 0 496
150 342 0.00620496 0.224095 0 496
151 325 0.00596246 0.214194 0 496
152 326 0.00580828 0.226429 0 496
153 344 0.00543459 0.270062 0 496
154 320 0.0046508 0.196375 0 496
155 321 0.00498412 0.2178 0 496
156 328 0.00539496 0.156992 0 496
157 303 0.00524542 0.183195 0 496
158 304 0.00462887 0.198561 0 496
159 320 0.00369283 0.247734 0 496
160 279 0.00325396 0.217608 0 496
161 257 0.00369744 0.0904476 0 496
162 207 0.003797 0.0814886 13 305
163 178 0.00399607 0.133103 0 496
164 157 0.00377912 0.0878336 13 305
165 139 0.00439291 0.276509 0 496
166 123 0.00619132 0.89913 13 305
167 115 0.0125336 1.42359 13 305
168 123 0.0101127 1.12975 13 305
169 139 0.0108469 1.14529 13 305
170 136 0.0106747 1.14413 13 305
171 149 0.00807276 0.760333 13 305
172 149 0.0107712 1.18001 13 305
173 146 0.00834478 0.874425 13 305
174 158 0.00597085 0.62813 13 305
175 157 0.0078184 0.801877 13 305
176 153 0.00731323 0.664146 13 305
177 149 0.00763887 0.805629 13 305
178 157 0.00761534 0.749936 13 305
179 151 0.00752821 0.812928 13 305
180 154 0.00881776 0.867805 13 305
181 160 0.00588485 0.602168 13 305
182 175 0.00451041 0.372642 13 305
183 154 0.000950781 0.115803 13 305
184 154 0.00259816 0.105552 13 305
185 158 0.00535526 0.436006 13 305
186 151 0.00814576 0.808756 13 305
187 150 0.00508721 0.43026 13 305
188 157 0.00701992 0.6464 13 305
189 183 0.00704293 0.574416 13 305
190 175 0.00752932 0.631895 13 305
191 174 0.00878404 0.63964 13 305
192 181 0.00793706 0.565782 13 305
193 164 0.00823419 0.556105 13 305
194 173 0.00926162 0.663607 13 305
195 176 0.00814299 0.520846 13 305
196 167 0.00822583 0.561356 13 305
197 171 0.00941004 0.613733 13 305
198 170 0.00640396 0.451294 13 305
199 172 0.00989789 0.635295 13 305
200 175 0.00984776 0.61046 13 305
201 172 0.00947327 0.626255 13 305
202 181 0.0083502 0.498057 13 305
203 178 0.00965403 0.655148 13 305
204 167 0.00974572 0.658001 13 305
205 160 0.00972528 0.712926 13 305
206 159 0.0100666 0.745243 13 305
207 168 0.0103476 0.664562 13 305
208 163 0.0109606 0.707473 13 305
209 156 0.00871438 0.513247 13 305
210 133 0.0067374 0.126231 13 305
211 119 0.00546792 0.16473 13 305
212 102 0.00464726 0.0944809 13 305
213 83 0.00747947 0.307224 13 305
214 83 0.00757281 0.29786 13 305
215 60 0.00560198 0.321786 13 305
216 63 0.0102782 0.286295 13 305
217 62 0.0122362 0.419241 13 305
218 57 0.00753677 0.460542 13 305
219 52 0.00853531 0.266746 13 305
220 38 0.00812402 0.46134 13 305
221 39 0.00880912 0.570717 13 305
222 33 0.00618408 0.545682 13 305
223 36 0.00707756 0.566265 13 305
224 17 0.00608262 0.586556 13 305
250 -1619300752 0.00664603 0.117368 -1623389072 -1623348192
251 21904 0.294531 7.05998 21904 21904
253 16843009 0.00182204 0.117716 16843009 16843009
254 -1619442096 0.00292021 0.0423722 -1623351552 -1618727200
255 21904 0.00268419 0.164132 21904 21904
256 1040 0.00242343 0.162048 1040 1040
257 0 0.00334194 0.129618 0 0
258 97 0.00446301 0.220647 97 81
259 0 0.00580834 0.313264 0 0
260 -1620316816 0.00591925 0.349514 15 601
261 21904 0.00639327 0.33672 0 0
262 -1620464480 0.00738036 0.294429 2328 2774
263 21904 0.00678693 0.308734 0 0
264 1065309234 0.00699776 0.148678 1101 1158
265 1032798639 0.00668528 0.152192 0 0
266 1016580212 0.0076075 0.155667 1568 2444
267 1031819890 0.00925255 0.0677052 0 0
268 -1116546481 0.0109486 0.191478 2020 2076
269 1064292159 0.0105607 0.134536 0 0
270 -1095722520 0.011704 0.376035 2577 2077
271 -1129845391 0.0128624 0.533207 0 0
272 -1121326389 0.0145021 0.55646 2795 2478
273 1051693926 0.0141155 0.700939 0 0
274 1064320539 0.0103444 0.433511 2111 2790
275 1013171621 0.00444868 0.262907 0 0
276 0 0.00614097 0.308442 2567 2979
277 0 0.00931401 0.298987 0 0
278 0 0.00828482 0.379279 2773 81
279 1065353216 0.00691394 0.197509 0 0
280 96 0.00995661 0.245821 -1619714176 2260
281 0 0.0136884 0.456504 21904 0
282 -1619332720 0.00950038 0.334892 -1619402400 -1619114992
283 21904 0.0150844 0.552566 21904 21904
308 2 0.00453752 0.6015 9 8
309 16843009 0.262506 6.04944 16843009 16843009
310 -1622757520 0.00459701 0.608531 -1619312896 -1622757520
311 21904 0.00466156 0.489471 21904 21904
312 2 0.00453308 0.205734 6 2
313 16843009 0.00239634 0.154003 16843009 16843009
314 -1623208864 0.00232673 0.147745 -1619353328 -1619612640
315 21904 0.00214325 0.193807 21904 21904
316 2 0.00167808 0.31518 4 4
317 16843009 0.00324476 0.166153 16843009 16843009
318 -1619283440 0.00203425 0.328821 -1619312992 -1619969296
319 21904 0.00352742 0.227721 21904 21904
320 2 0.00402831 0.32354 5 3
321 16843009 0.00393957 0.369663 16843009 16843009
322 -1619769760 0.00517347 0.309834 -1619612160 -1623356208
323 21904 0.00429797 0.344438 21904 21904
324 2 0.00546143 0.245895 3 3
325 16843009 0.00536452 0.284573 16843009 16843009
326 -1619115184 0.00723092 0.150123 -1623275152 -1619602992
327 21904 0.00803245 0.475996 21904 21904
328 2 0.008536 0.67324 4 4
329 16843009 0.00490939 0.495608 16843009 16843009
330 -1619327568 0.0137128 0.129625 -1619528208 -1619093840
331 21904 0.0112114 0.183926 21904 21904
332 2 0.00961921 0.282815 3 2
333 16843009 0.0112481 0.350438 16843009 16843009
334 -1619379264 0.0098458 0.170243 -1622662224 -1619575536
335 21904 0.00731163 0.504869 21904 21904
358 -1622729648 0.0123292 0.264397 -1619336000 -1619114080
359 21904 0.3979 27.7473 21904 21904
360 2 0.00735971 0.293055 3 2
361 16843009 0.00294495 0.28102 16843009 16843009
362 -1622777680 0.00479967 0.26733 -1619335904 -1620929504
363 21904 0.00336556 0.226 21904 21904
364 2 0.0051426 0.419778 2 3
365 16843009 0.00334441 0.34539 16843009 16843009
366 -1623254464 0.0017226 0.332958 -1619335616 -1619291776
367 21904 0.00203818 0.302212 21904 21904
368 2 0.00124381 0.580691 2 2
369 16843009 0.00159835 0.408595 16843009 16843009
370 -1623356208 0.00624721 0.576673 -1623449568 -1620929216
371 21904 0.00418842 0.357445 21904 21904
372 2 0.0074757 0.400146 3 5
373 16843009 0.00747974 0.346819 16843009 16843009
374 -1619603104 0.00516353 0.559928 -1623449376 -1619312992
375 21904 0.00680313 0.764453 21904 21904
376 3 0.00908715 0.615456 6 4
377 16843009 0.013452 1.12885 16843009 16843009
378 -1619114080 0.0156364 0.932117 625 -1619385264
379 21904 0.0209141 1.58718 0 21904
412 2 0.00902092 0.272308 2 3
413 16843009 0.239422 13.4533 16843009 16843009
414 -1623408160 0.00907286 0.318001 -1619326992 -1620895504
415 21904 0.00550359 0.276343 21904 21904
416 2 0.00962222 0.229278 5 2
417 16843009 0.00985401 0.368213 16843009 16843009
418 -1618621328 0.0105607 0.279054 -1619435264 -1621181088
419 21904 0.0119884 0.365091 21904 21904
420 3 0.00964839 0.315263 4 4
421 16843009 0.0115956 0.288641 16843009 16843009
422 -1619283440 0.0115343 0.37184 -1619435008 -1623397824
423 21904 0.0100311 0.29272 21904 21904
424 2 0.00770604 0.235857 6 2
425 16843009 0.00907066 0.306555 16843009 16843009
426 -1623509648 0.00937192 0.323955 -1619434784 -1622179920
427 21904 0.00901734 0.284151 21904 21904
428 2 0.0103506 0.310262 6 4
429 16843009 0.0100833 0.26441 16843009 16843009
430 -1619339136 0.0108918 0.31253 -1622806816 -1622654080
431 21904 0.0117403 0.24831 21904 21904
432 2 0.00999679 0.261414 3 3
433 16843009 0.0104543 0.222999 16843009 16843009
434 -1622726720 0.0119998 0.297966 -1619434688 -1620888960
435 21904 0.0102779 0.254718 21904 21904
436 2 0.0107786 0.250843 3 2
437 16843009 0.0104547 0.271187 16843009 16843009
438 -1619122416 0.011125 0.296842 -1622658464 -1619770736
439 21904 0.011888 0.305295 21904 21904
440 2 0.0119796 0.242833 3 5
441 16843009 0.013309 0.237557 16843009 16843009
442 -1620489840 0.0138287 0.214421 369 -1619770640
443 21904 0.0134698 0.231854 0 21904
444 2 0.0122356 0.250697 -1619478672 3
445 16843009 0.0106717 0.249716 21904 16843009
446 -1619395792 0.0126487 0.238797 -575255040 -1618719104
447 21904 0.0111209 0.241549 32708 21904
448 2 0.00841561 0.288153 3 2
449 16843009 0.00690742 0.347859 16843009 16843009
450 -1619304816 0.00716748 0.331835 337 -1618718912
451 21904 0.00571247 0.321454 0 21904
452 2 0.00558344 0.347885 -1623491648 3
453 16843009 0.00631314 0.453833 21904 16843009
454 -1623408352 0.00525766 0.414171 -575255072 -1623489264
455 21904 0.00389777 0.367053 32708 21904
456 2 0.00456058 0.34547 4 2
457 16843009 0.0047886 0.327094 16843009 16843009
458 -1619327568 0.0055503 0.358846 -1620463472 -1619601456
459 21904 0.00360786 0.390926 21904 21904
460 2 0.00529174 0.36581 4 3
461 16843009 0.00596642 0.398873 16843009 16843009
462 -1619401472 0.00458656 0.329674 -1619328640 -1619280016
463 21904 0.00316412 0.296948 21904 21904
464 2 0.00425668 0.275676 2 2
465 16843009 0.00429493 0.278308 16843009 16843009
466 -1619453184 0.00278384 0.302941 -1620463120 -1619934704
467 21904 0.00408481 0.307207 21904 21904
468 2 0.00397125 0.353711 4 2
469 16843009 0.00392372 0.382139 16843009 16843009
470 -1619465152 0.00536149 0.391572 -1622852064 -1619465152
471 21904 0.00301739 0.412405 21904 21904
472 2 0.00234453 0.378852 5 2
473 16843009 0.00360823 0.408315 16843009 16843009
474 -1620906400 0.00426171 0.356492 -1619396160 -1619934512
475 21904 0.00581389 0.392775 21904 21904
476 2 0.00565775 0.438223 2 2
477 16843009 0.00567987 0.458316 16843009 16843009
478 209 0.00395289 0.425341 225 -1619934416
479 0 0.00525377 0.406437 0 21904
480 -575255392 0.00733099 0.414532 -1620888112 2
481 32708 0.00614237 0.496623 21904 16843009
482 -1619890704 0.00685143 0.525698 -575255184 -1619934320
483 21904 0.00790412 0.492331 32708 21904
484 2 0.00800081 0.519374 3 3
485 16843009 0.00587911 0.622647 16843009 16843009
486 177 0.00865071 0.647253 -1622832704 -1622658272
487 0 0.00611462 0.69734 21904 21904
488 -575255392 0.00688391 0.642557 9 2
489 32708 0.00564601 0.625239 16843009 16843009
490 -1620774080 0.00773575 0.647906 177 2125421168
491 21904 0.00632161 0.640902 0 21904
492 -1623385088 0.00328062 0.684287 -575255392 3
493 21904 0.00242972 0.72335 32708 16843009
494 -575255248 0.00287969 0.693392 -1618619216 -1617707440
495 32708 0.00338391 0.710932 21904 21904
496 -1 0.00538456 0.705173 6 2
497 1127350272 0.00463767 0.689306 16843009 16843009
498 1131020288 0.00349432 0.70573 -1622181072 -1618617104
499 1088421888 0.00296613 0.699137 21904 21904
500 -1082130432 0.00345049 0.697469 6 4
501 1109131264 0.00329243 0.688345 16843009 16843009
502 113 0.00288747 0.723856 129 145
503 0 0.00324357 0.708995 0 0
504 -1619321696 0.00300433 0.709978 -1622758576 -1618714496
505 21904 0.00327581 0.693796 21904 21904
506 -575255296 0.00253592 0.712989 -575255280 -575255264
507 32708 0.00326772 0.70105 32708 32708
508 1101529088 0.00262578 0.714176 10 3
509 0 0.00293309 0.711271 16843009 16843009
510 -1 0.00300665 0.69436 -1622180880 -1619271568
511 21904 0.00284278 0.717372 21904 21904
512 1125842944 0.00284851 0.683154 -1618723472 2064
513 1088421888 0.00331515 0.684266 21904 0
514 33 0.00306608 0.689263 33 97
515 0 0.00288745 0.714065 0 0
516 -1619142768 0.00289019 0.703752 -1620882880 -1623398576
517 21904 0.00324066 0.69418 21904 21904
518 -1619262784 0.00303139 0.671557 -1621175136 -1620926528
519 21904 0.00288041 0.702651 21904 21904
520 1536 0.00309872 0.663571 619086260 1065030142
521 0 0.00289228 0.690806 1104472691 1042887692
522 33 0.0027646 0.694705 49 -1110099924
523 0 0.00262771 0.693662 0 -1118640172
524 -1619391312 0.00301609 0.675056 -1619345856 -1104462129
525 21904 0.00290982 0.686743 21904 1065115984
526 -1619493264 0.00304195 0.649551 -1622826704 -1137788096
527 21904 0.00264969 0.685074 21904 999563560
528 32 0.00573771 0.653205 -1619410528 1036949617
529 0 0.0067531 0.64764 0 1021595584
530 96 0.00620816 0.643692 -1622797296 1065261084
531 0 0.00634061 0.63833 21904 -1105748318
532 2502 0.00640694 0.604639 -1987762272 0
533 0 0.0070103 0.637287 21904 0
534 2508 0.00564415 0.635477 49 0
535 0 0.00690435 0.63546 0 1065353216
536 1667 0.00738555 0.641032 523 0
537 0 0.00538968 0.64109 0 0
538 2559 0.00526055 0.657163 1068 97
539 0 0.00725254 0.630965 0 0
540 2766 0.00632254 0.649179 1687 1492
541 0 0.00585332 0.637064 0 0
542 2587 0.00650281 0.640336 1304 1099
543 0 0.00613086 0.608365 0 0
544 2171 0.00702308 0.603682 1698 1619
545 0 0.00755123 0.606152 0 0
546 2942 0.00747491 0.62576 129 2017
547 0 0.00650615 0.618014 0 0
548 2756 0.00788965 0.637398 -1623369904 1745
549 0 0.00669997 0.595468 21904 0
550 2871 0.00750412 0.632842 -1623447840 2324
551 0 0.00717119 0.599878 21904 0
552 0 0.00666991 0.619209 1124024325 1920
553 0 0.00577118 0.584432 2 0
554 193 0.00734963 0.620732 4 2233
555 0 0.00758451 0.610413 4 0
556 -1621331536 0.00708771 0.623822 -1623249648 2439
557 32708 0.00746717 0.636231 21904 0
558 -1623139648 0.00758582 0.63146 -1623249648 2620
559 21904 0.00720313 0.64512 21904 0
560 1105199104 0.0074894 0.634892 -1623249584 2744
561 0 0.00721874 0.611165 21904 0
562 -1 0.00735901 0.625368 -1623249584 129
563 1126957056 0.00681844 0.629193 21904 0
564 1086324736 0.00766338 0.630177 0 -1620890928
565 1088421888 0.00716816 0.616814 0 21904
566 -1082130432 0.00732432 0.621209 -1620150768 -1618683504
567 21904 0.00761438 0.634988 21904 21904
568 -1622179128 0.00739573 0.613759 -1622852488 1124024325
569 -1 0.00745493 0.628962 21904 2
570 1138884608 0.00705638 0.623437 -1622852416 4
571 21904 0.00716867 0.6246 21904 4
572 1088421888 0.00711328 0.624493 16 -1623517984
573 129 0.0076973 0.629265 0 21904
574 1106771968 0.00708191 0.638861 4 -1623517984
575 0 0.00726718 0.629955 0 21904
576 -1 0.00747622 0.659412 0 -1623517920
577 1127481344 0.00748403 0.634513 21904 21904
578 1108344832 0.00763872 0.625491 97 -1623517920
579 1088421888 0.00727431 0.621402 0 21904
580 -1082130432 0.00742871 0.615571 478 0
581 1120927744 0.00706887 0.595493 0 0
582 0 0.00579381 0.637404 1204 -1619314752
583 0 0.00483972 0.616825 0 21904
584 0 0.00522543 0.56932 1200 -1620926312
585 0 0.00415296 0.624005 0 21904
586 0 0.00539171 0.577456 2211 -1620926240
587 -1082130432 0.00653678 0.547992 0 21904
588 1096810496 0.00632872 0.576743 2436 16
589 0 0.0066316 0.515461 0 0
590 -1 0.00609012 0.537302 2762 4
591 0 0.00614733 0.534084 0 0
592 18 0.0064351 0.555899 2514 2999
593 1088421888 0.0035539 0.563592 0 0
594 -1082130432 0.00316292 0.552252 2730 337
595 1101529088 0.00265963 0.596778 0 0
596 0 0.00252626 0.575306 2919 -1619940576
597 -1 0.00256582 0.624414 0 21904
598 1121583104 0.00291872 0.553877 2770 2124197904
599 1104674816 0.0031773 0.55092 0 21904
600 1088421888 0.00289641 0.577555 2854 1101529088
601 -1082130432 0.00237388 0.579332 0 0
602 1102053376 0.00443045 0.580891 49 -1620926208
603 0 0.00391525 0.591612 0 21904
604 -1 0.00586797 0.553609 1647 -581534864
605 1128792064 0.00646078 0.561963 0 32708
606 1095761920 0.00630035 0.536284 2026 0
607 1088421888 0.00669498 0.546589 0 1105199104
608 -1082130432 0.00500223 0.54997 1647 0
609 1090519040 0.00486618 0.580292 0 -1
610 0 0.00546143 0.563096 1716 0
611 -1 0.00476568 0.541767 0 0
612 1121189888 0.00594116 0.572171 1828 -1619412528
613 1118699520 0.00598282 0.601246 0 21904
614 0 0.00601963 0.574557 97 -1623445904
615 -1082130432 0.00617101 0.551081 0 21904
616 4 0.00593533 0.531467 1128857600 1128923136
617 16843009 0.0056597 0.562257 1115684864 1115160576
618 -1622890736 0.00553782 0.552387 1088421888 1088421888
619 21904 0.00447227 0.577622 -1082130432 -1082130432
620 2 0.00431051 0.601379 1112276992 1110179840
621 16843009 0.00498396 0.584461 0 0
622 -1621293936 0.00602942 0.563691 -1 -1
623 21904 0.00497607 0.549021 1129185280 1128595456
624 2 0.00611979 0.526568 1115684864 1115422720
625 16843009 0.0061294 0.519913 1088421888 1088421888
626 -1623519856 0.00435534 0.556823 -1082130432 -1082130432
627 21904 0.00486476 0.557394 1110704128 1121058816
628 2 0.00462312 0.584645 0 0
629 16843009 0.00431122 0.602496 -1 -1
630 -1620475520 0.00389465 0.580457 1129709568 1128857600
631 21904 0.00385208 0.588068 1115815936 1115684864
632 2 0.00374111 0.585119 1088421888 1088421888
633 16843009 0.00401407 0.542385 -1082130432 -1082130432
634 -1617923776 0.0038692 0.569422 1120010240 1113063424
635 21904 0.00422679 0.547339 0 0
636 2 0.00412328 0.561141 -1 -1
637 16843009 0.00431922 0.539597 1129119744 1129185280
638 -1623481472 0.00334609 0.604085 1116471296 1115684864
639 21904 0.00346283 0.58322 1088421888 1088421888
640 2 0.00390114 0.578124 -1082130432 -1082130432
641 16843009 0.00387946 0.595855 1109131264 1111490560
642 -1623481280 0.00397438 0.570463 0 0
643 21904 0.00403374 0.593521 -1 -1
644 2 0.00370194 0.593632 1131151360 1129709568
645 16843009 0.00422394 0.561568 1108606976 1115815936
646 -1619139840 0.00403296 0.570967 1088421888 1088421888
647 21904 0.00366083 0.568313 -1082130432 -1082130432
648 2 0.00364583 0.572214 1104674816 1120534528
649 16843009 0.00284775 0.609563 0 0
650 -1619139744 0.00383367 0.588481 -1 -1
651 21904 0.00409695 0.574401 1130233856 1128595456
652 2 0.00389041 0.604378 1108869120 1116078080
653 16843009 0.0036965 0.597076 1088421888 1088421888
654 -1620965744 0.00348305 0.594034 -1082130432 -1082130432
655 21904 0.00341855 0.559998 1113063424 1101004800
656 3 0.00355181 0.592416 0 0
657 16843009 0.00320934 0.618934 -1 -1
658 -1623337760 0.00382547 0.553975 1130496000 1128726528
659 21904 0.00441126 0.589852 1109131264 1116471296
660 2 0.00544181 0.546703 1088421888 1088421888
661 16843009 0.00373591 0.571334 -1082130432 -1082130432
662 -1622666352 0.00388038 0.541279 1106247680 1111752704
663 21904 0.00367766 0.546796 0 0
664 2 0.00425875 0.536974 -1 -1
665 16843009 0.00353626 0.566044 1130692608 1131151360
666 -1619367248 0.00361817 0.547813 1109655552 1108606976
667 21904 0.0037824 0.524059 1088421888 1088421888
668 2 0.00380659 0.566403 -1082130432 -1082130432
669 16843009 0.00392407 0.557974 1109131264 1108082688
670 -1619356064 0.00372616 0.550819 0 0
671 21904 0.0040171 0.545448 -1 -1
672 3 0.00414665 0.522771 1130299392 1130233856
673 16843009 0.00488775 0.531394 1111228416 1108869120
674 -1620891120 0.00328338 0.577197 1088421888 1088421888
675 21904 0.00424451 0.526049 -1082130432 -1082130432
676 3 0.00389386 0.53589 1108869120 1113587712
677 16843009 0.00399902 0.535543 0 0
678 -1619425488 0.00351587 0.560887 -1 -1
679 21904 0.00374529 0.531048 1130692608 1130954752
680 3 0.00363222 0.537354 1111228416 1108869120
681 16843009 0.00406456 0.542327 1088421888 1088421888
682 -1623203280 0.00376335 0.546756 -1082130432 -1082130432
683 21904 0.00404194 0.549937 1110966272 1101004800
684 4 0.00344568 0.554661 0 0
685 16843009 0.00483435 0.544184 -1 -1
686 -1617696512 0.00417874 0.52376 1131741184 1131347968
687 21904 0.00370232 0.571531 1112276992 1108869120
688 3 0.00348069 0.623443 1088421888 1088421888
689 16843009 0.00375493 0.586136 -1082130432 -1082130432
690 -1618639904 0.00379456 0.582284 1106247680 1102053376
691 21904 0.00373718 0.550713 0 0
692 2 0.00363056 0.56032 -1 -1
693 16843009 0.00372765 0.561368 1131347968 1130561536
694 -1617696192 0.00373318 0.624692 1112539136 1109131264
695 21904 0.00352476 0.592153 1088421888 1088421888
696 2 0.00371004 0.558612 -1082130432 -1082130432
697 16843009 0.00385484 0.536461 1108082688 1107296256
698 -1621233488 0.00358607 0.610376 0 0
699 21904 0.00399073 0.563528 -1 -1
700 2 0.00341974 0.582071 1130561536 1130692608
701 16843009 0.00395214 0.544436 1112801280 1109655552
702 -1619284240 0.00409074 0.548776 1088421888 1088421888
703 21904 0.00369382 0.51916 -1082130432 -1082130432
704 4 0.00376173 0.540599 1101529088 1108344832
705 16843009 0.00393194 0.547066 0 0
706 -1621233392 0.00402737 0.54251 -1 -1
707 21904 0.00283328 0.59881 1130299392 1130299392
708 2 0.00346558 0.52733 1113063424 1111228416
709 16843009 0.00399976 0.565775 1088421888 1088421888
710 -1619466192 0.00399189 0.519542 -1082130432 -1082130432
711 21904 0.00416316 0.524589 1112276992 1108606976
712 5 0.00364395 0.576835 0 0
713 16843009 0.00378573 0.575076 -1 -1
714 -1623480288 0.00285429 0.604335 1131479040 1131347968
715 21904 0.00383423 0.521873 1113325568 1112539136
716 3 0.00395119 0.543201 1088421888 1088421888
717 16843009 0.0039429 0.538848 -1082130432 -1082130432
718 -1620491728 0.00401724 0.554672 1121845248 1108606976
719 21904 0.00380815 0.535768 0 0
720 2 0.00360679 0.561004 -1 -1
721 16843009 0.0040066 0.516264 1131806720 1131741184
722 -1623479936 0.00375676 0.55152 1113325568 1112539136
723 21904 0.00373257 0.590428 1088421888 1088421888
724 2 0.00333985 0.594466 -1082130432 -1082130432
725 16843009 0.00337265 0.574264 1115422720 1106247680
726 -1620475744 0.0037432 0.541919 0 0
727 21904 0.00464314 0.597832 -1 -1
728 4 0.00398696 0.553447 1130561536 1130299392
729 16843009 0.00312038 0.592222 1113587712 1113063424
730 -1620910480 0.00369994 0.546661 1088421888 1088421888
731 21904 0.00363974 0.556821 -1082130432 -1082130432
732 2 0.00429104 0.542585 1118830592 1111752704
733 16843009 0.00319696 0.566982 0 0
734 -1620475648 0.00309653 0.563711 -1 -1
735 21904 0.00426202 0.483092 1131806720 1131479040
736 2 0.00354549 0.587186 1113849856 1113325568
737 16843009 0.0037439 0.562365 1088421888 1088421888
738 -1622925920 0.00347705 0.587794 -1082130432 -1082130432
739 21904 0.0034894 0.541481 1104674816 1121845248
740 4 0.00316478 0.640886 0 0
741 16843009 0.00466226 0.620025 -1 -1
742 -1619611552 0.00513959 0.577513 1130889216 1131806720
743 21904 0.00442414 0.616505 1114374144 1113325568
744 2 0.00483723 0.632866 1088421888 1088421888
745 16843009 0.00517253 0.582405 -1082130432 -1082130432
746 -1622835168 0.00506003 0.569932 1110966272 1113063424
747 21904 0.00670254 0.555918 0 0
748 2 0.00628694 0.543524 -1 -1
749 16843009 0.00528421 0.544621 1131806720 1130561536
750 -1619899888 0.00466385 0.54153 1114898432 1113587712
751 21904 0.00409436 0.535925 1088421888 1088421888
752 5 0.00441271 0.574977 -1082130432 -1082130432
753 16843009 0.00444573 0.604023 1115684864 1120141312
754 -1622837344 0.0032584 0.688812 0 0
755 21904 0.00462568 0.612581 -1 -1
756 5 0.00465729 0.603402 1131413504 1130889216
757 16843009 0.00394669 0.590189 1115160576 1114636288
758 -1622854928 0.00436542 0.543459 1088421888 1088421888
759 21904 0.00600846 0.571357 -1082130432 -1082130432
760 2 0.00336044 0.583473 1115684864 1110966272
761 16843009 0.00322806 0.575416 0 0
762 -1623134624 0.00295242 0.577102 -1 -1
763 21904 0.00337798 0.547898 1130364928 1131806720
764 2 0.00387608 0.540865 1115684864 1114898432
765 16843009 0.00403737 0.532154 1088421888 1088421888
766 -1623481296 0.00362726 0.54103 -1082130432 -1082130432
767 21904 0.00367045 0.554952 1101004800 1115684864
768 2 0.0033934 0.597606 0 0
769 16843009 0.00379899 0.569858 -1 -1
770 -1623441968 0.00491808 0.488352 1131282432 1130561536
771 21904 0.00378834 0.584707 1115684864 1115160576
772 2 0.00350165 0.517773 1088421888 1088421888
773 16843009 0.0052658 0.467231 -1082130432 -1082130432
774 -1623404592 0.00422988 0.433471 1114898432 1115422720
775 21904 0.00357487 0.437555 0 0
776 2 0.00352446 0.423354 -1 -1
777 16843009 0.00286329 0.458259 1130168320 1131413504
778 -1623441712 0.00773013 0.352149 1115947008 1115160576
779 21904 0.00834617 0.380583 1088421888 1088421888
780 2 0.00635049 0.336637 -1082130432 -1082130432
781 16843009 0.0105606 0.322267 1104150528 1117126656
782 -1623275456 0.00512963 0.384883 0 0
783 21904 0.00647172 0.37252 -1 -1
784 3 0.00788105 0.305229 1130692608 1131282432
785 16843009 0.00907978 0.351154 1115947008 1115684864
786 -1623275264 0.00679345 0.304925 1088421888 1088421888
787 21904 0.00713807 0.29832 -1082130432 -1082130432
788 2 0.00700401 0.356389 1111752704 1117519872
789 16843009 0.00677403 0.378047 0 0
790 -1619307440 0.0072463 0.384757 -1 -1
791 21904 0.00808638 0.39003 1131085824 1131741184
792 2 0.00597118 0.356435 1115947008 1115684864
793 16843009 0.0114099 0.308167 1088421888 1088421888
794 -1623017712 0.0115888 0.322018 -1082130432 -1082130432
795 21904 0.0099392 0.306917 1116995584 1101529088
796 2 0.00525078 0.42883 0 0
797 16843009 0.00839591 0.354379 -1 -1
798 -1619367248 0.0126878 0.315424 1127874560 1131479040
799 21904 0.0135344 0.322921 1116602368 1115815936
800 3 0.0171459 0.287728 1088421888 1088421888
801 16843009 0.0188475 0.293241 -1082130432 -1082130432
802 -1623017520 0.0155078 0.300074 1102053376 1105199104
803 21904 0.0225741 0.27747 0 0
804 2 0.019371 0.287801 -1 -1
805 16843009 0.0237367 0.231949 1126694912 1130758144
806 -1619434704 0.0256707 0.269219 1116864512 1115947008
807 21904 0.0215171 0.256443 1088421888 1088421888
808 2 0.0256526 0.26754 -1082130432 -1082130432
809 16843009 0.0286845 0.234973 1101529088 1110441984
810 -1623441872 0.0290661 0.239021 0 0
811 21904 0.0290992 0.24948 -1 -1
812 3 0.0244621 0.382418 1128005632 1131151360
813 16843009 0.0305401 0.324898 1117782016 1115947008
814 -1623404208 0.0325454 0.328091 1088421888 1088421888
815 21904 0.0437016 0.283597 -1082130432 -1082130432
816 3 0.0354146 0.217991 1103101952 1117519872
817 16843009 0.0363814 0.19239 0 0
818 -1620458464 0.0379105 0.278474 -1 -1
819 21904 0.0295029 0.356574 1126760448 1130168320
820 5 0.0382227 0.277409 1118175232 1116078080
821 16843009 0.0319696 0.385234 1088421888 1088421888
822 -1620460096 0.0306443 0.442365 -1082130432 -1082130432
823 21904 0.0328411 0.279646 1121845248 1105199104
824 2 0.0348408 0.215153 0 0
825 16843009 0.0268754 0.270672 -1 -1
826 -1622814272 0.0247656 0.30637 1126563840 1127874560
827 21904 0.0361271 0.442743 1118306304 1116602368
828 3 0.0344613 0.461248 1088421888 1088421888
829 16843009 0.0364049 0.385287 -1082130432 -1082130432
830 -1619306224 0.0375805 0.386701 1109393408 1102577664
831 21904 0.0323741 0.463221 0 0
832 2 0.0326706 0.405994 -1 -1
833 16843009 0.0300851 0.516816 1126760448 1126694912
834 -1623215344 0.0414152 0.391387 1118961664 913
835 21904 0.0375039 0.396256 1088421888 0
836 2 0.0352977 0.49205 -1082130432 -1622829904
837 16843009 0.037239 0.543883 1103101952 21904
838 -1619611264 0.0313549 0.4466 0 -575254496
839 21904 0.0410768 0.278142 -1 32708
840 2 0.0339982 0.409421 1127415808 1128005632
841 16843009 0.0317118 0.47697 1119485952 1117913088
842 -1619992320 0.0291842 0.543844 1088421888 1088421888
843 21904 0.0337738 0.560039 -1082130432 -1082130432
844 2 0.0389056 0.563225 1102053376 1108606976
845 16843009 0.0346285 0.59256 0 0
846 -1620469344 0.0366367 0.650547 -1 -1
847 21904 0.0398569 0.578248 1127874560 1126760448
848 2 0.0340136 0.70407 1119617024 1118175232
849 16843009 0.0349912 0.545316 1088421888 1088421888
850 -1620881376 0.0328243 0.577802 -1082130432 849
851 21904 0.0295091 0.58167 1102053376 0
852 2 0.0303363 0.631884 0 -1620899936
853 16843009 0.0288533 0.548872 -1 21904
854 -1623450688 0.0296455 0.535085 1127481344 -575254560
855 21904 0.0415389 0.545753 1119748096 32708
856 2 0.0333568 0.558675 1088421888 1088421888
857 16843009 0.039847 0.547679 -1082130432 -1082130432
858 -1617706480 0.0407598 0.498281 1103101952 1101004800
859 21904 0.0439363 0.450595 0 0
860 2 0.0488705 0.544533 -1 -1
861 16843009 0.0418561 0.623367 1128464384 1127219200
862 -1618621904 0.0304912 0.829738 1116602368 1119485952
863 21904 0.0416577 0.492651 1088421888 1088421888
864 2 0.0408754 0.47673 -1082130432 -1082130432
865 16843009 0.0337716 0.68241 1104674816 1106247680
866 -1619098016 0.0284285 0.553731 0 0
867 21904 0.0377666 0.46287 -1 -1
868 2 0.0354005 0.458723 1128792064 1127874560
869 16843009 0.0337277 0.482983 1116602368 1119617024
870 -1619100816 0.0526714 0.596049 1088421888 1088421888
871 21904 0.0515861 0.526884 -1082130432 -1082130432
872 2 0.0595771 0.61037 1118306304 1101529088
873 16843009 0.0517999 0.537051 0 0
874 -1619318352 0.0646093 0.657442 -1 -1
875 21904 0.065817 0.571174 1129119744 1128464384
876 2 0.0665318 0.786419 1116602368 1116602368
877 16843009 0.0584314 0.698775 1088421888 1088421888
878 -1620469440 0.0542134 0.650714 -1082130432 737
879 21904 0.0609526 0.514671 1118175232 0
880 5 0.0627726 0.565025 0 -1622283776
881 16843009 0.0534435 0.475775 -1 21904
882 -1619434704 0.0588109 0.627614 1129512960 -575254672
883 21904 0.0552858 0.465326 1116733440 32708
884 3 0.0693476 0.367176 1088421888 -1619107632
885 16843009 0.0683238 0.43498 -1082130432 21904
886 -1617697104 0.0665017 0.530438 1115684864 -575254688
887 21904 0.0522194 0.623776 0 32708
888 3 0.0687287 0.655424 -1 -1
889 16843009 0.0530529 0.847008 1129709568 1129119744
890 577 0.0627751 0.547547 1116733440 689
891 0 0.0817967 0.371167 1088421888 0
892 -1622658432 0.0909853 0.714634 -1082130432 -1623498160
893 21904 0.0654792 0.475242 1113849856 21904
894 -575254832 0.0768414 0.470709 0 -575254720
895 32708 0.0799331 0.536751 -1 32708
896 3 0.0776526 0.342489 1130037248 1129512960
897 16843009 0.0538746 0.357316 1116864512 1116733440
898 -1620491504 0.0562745 0.48393 1088421888 1088421888
899 21904 0.0629506 0.522783 -1082130432 -1082130432
900 3 0.0516906 0.391811 1101529088 1116995584
901 16843009 0.0395324 0.69127 0 0
902 -1622775136 0.0287925 0.47403 -1 -1
903 21904 0.0574404 0.308349 1128333312 1129709568
904 2 0.0794355 0.456908 1116995584 1116733440
905 16843009 0.0663625 0.244366 1088421888 1088421888
906 -1619891424 0.0634639 0.676037 -1082130432 625
907 21904 0.076679 0.380373 1118306304 0
908 3 0.0533893 0.544478 0 -1619981152
909 16843009 0.102195 0.531003 -1 21904
910 -1620491312 0.0749551 0.344156 1128792064 -575254784
911 21904 0.0583327 0.471039 1117126656 32708
912 3 0.0281952 0.446683 1088421888 1088421888
913 16843009 0.0456263 0.461517 -1082130432 -1082130432
914 -1623480704 0.0396205 0.727311 1119223808 1102577664
915 21904 0.0587987 1.04292 0 0
916 4 0.0447383 0.788827 -1 -1
917 16843009 0.0262806 0.828762 1129119744 1128333312
918 -1622658160 0.0466066 0.864585 1117126656 1116995584
919 21904 0.0600996 0.984614 1088421888 1088421888
920 3 0.0881688 1.23856 -1082130432 -1082130432
921 16843009 0.0668107 0.928613 1117388800 1119748096
922 -1619262736 0.083062 0.837576 0 0
923 21904 0.155478 1.03718 -1 -1
924 2 0.152422 0.91327 1129840640 1128792064
925 16843009 0.197298 1.37715 1117126656 1117126656
926 -1618617792 0.211468 1.40484 1088421888 1088421888
927 21904 0.200881 1.41374 -1082130432 -1082130432
928 3 0.193611 1.48347 1113325568 1120141312
929 16843009 0.20039 2.2084 0 0
930 -1618617696 0.103092 2.4318 -1 -1
931 21904 0.0386304 2.6653 1129381888 1129119744
932 4 0.0438867 2.84809 1117519872 1117126656
933 16843009 0.0403613 3.00346 1088421888 1088421888
934 -1619318352 0.0393388 3.0288 -1082130432 -1082130432
935 21904 0.0419365 2.98549 1109917696 1117650944
936 4 0.0410589 2.9992 0 0
937 16843009 0.0453661 2.98383 -1 -1
938 -1623240112 0.0511185 2.95911 1129775104 1129840640
939 21904 0.0416868 2.9954 1117519872 1117257728
940 2 0.0473816 2.95118 1088421888 1088421888
941 16843009 0.0485464 2.94741 -1082130432 -1082130432
942 -1619398432 0.0413456 2.9482 1107820544 1114636288
943 21904 0.0456162 2.99499 0 0
944 2 0.064279 2.9439 -1 -1
945 16843009 0.065345 2.92361 1128267776 1129447424
946 -1623239888 0.0602393 2.98999 1117650944 465
947 21904 0.0557062 2.98254 1088421888 0
948 3 0.0702357 2.99637 -1082130432 -1620477024
949 16843009 0.0658169 2.97485 1111752704 21904
950 -1623239696 0.0726048 2.97064 0 -575254944
951 21904 0.0577739 2.99918 -1 32708
952 2 0.0595419 2.99111 1128988672 1128267776
953 16843009 0.0721297 2.92715 1117650944 1117650944
954 -1622834032 0.0669852 3.00024 1088421888 433
955 21904 0.0769219 2.931 -1082130432 0
956 2 0.0743812 2.97418 1103626240 -1619892048
957 16843009 0.075952 2.94852 0 21904
958 -1620468592 0.079275 2.95438 -1 -575254976
959 21904 0.0730868 2.95394 1128071168 32708
960 2 0.0803786 2.94898 1117782016 1117650944
961 16843009 0.0974666 2.83604 1088421888 1088421888
962 -1620468496 0.0825942 2.91758 -1082130432 -1082130432
963 21904 0.0854744 2.85952 1107558400 1103626240
964 4 0.0893126 2.94421 0 0
965 16843009 0.0904514 2.91355 -1 -1
966 -1618665792 0.106973 2.88194 1128660992 385
967 21904 0.0967669 2.91885 1117782016 0
968 2 0.102734 2.9641 1088421888 -1618723488
969 16843009 0.105252 2.91611 -1082130432 21904
970 -1622834736 0.117592 2.96978 1101004800 -575255024
971 21904 0.107042 2.98471 0 32708
972 3 0.100287 3.11674 -1 -1
973 16843009 0.123649 3.19341 1129709568 1128071168
974 -1619293664 0.122909 3.10362 1117913088 1117913088
975 21904 0.102187 3.12521 1088421888 1088421888
976 2 0.129666 2.97897 -1082130432 -1082130432
977 16843009 0.105506 3.0735 1105199104 1112014848
978 -1622834544 0.119219 3.07364 0 0
979 21904 0.134684 2.89221 -1 -1
980 2 0.138773 2.72928 1129185280 1129644032
981 16843009 0.12283 2.87566 1118568448 1117913088
982 -1622834448 0.102825 2.86878 1088421888 1088421888
983 21904 0.114498 3.15973 -1082130432 -1082130432
984 2 0.115746 3.2146 1116471296 1104150528
985 16843009 0.131211 2.87983 0 0
986 -1620468304 0.13533 2.88596 -1 -1
987 21904 0.120735 3.05443 1129512960 1129185280
988 4 0.131946 3.29528 1118568448 1118699520
989 16843009 0.102858 3.3006 1088421888 1088421888
990 -1623132976 0.10613 3.44669 -1082130432 289
991 21904 0.114096 3.6775 1101529088 0
992 2 0.244424 3.2524 0 -1622927568
993 16843009 0.235222 3.2055 -1 21904
994 -1623216304 0.254156 3.35402 1128923136 -575255120
995 21904 0.242933 3.18317 1118699520 32708
996 3 0.238226 3.17991 1088421888 -1620322816
997 16843009 0.251875 3.17148 -1082130432 21904
998 -1620889408 0.319227 3.50441 1105199104 -575255136
999 21904 0.317902 3.09674 0 32708
1000 2 0.336728 2.96518 -1 -1
1001 16843009 0.324184 3.35238 1129381888 1128988672
1002 -1619415760 0.30414 3.76699 1118830592 241
1003 21904 0.325833 3.33009 1088421888 0
1004 4 0.324904 3.43015 -1082130432 -1617488768
1005 16843009 0.356138 3.29715 1104150528 21904
1006 -1616918368 0.364328 3.28419 0 -575255168
1007 21904 0.383032 3.14267 -1 32708
1008 4 0.331762 3.34655 1128792064 1128857600
1009 16843009 0.360929 3.24389 1119354880 1119485952
1010 -1622837344 0.321341 3.34894 1088421888 209
1011 21904 0.354097 3.18839 -1082130432 0
1012 2 0.378952 3.15675 1108082688 -1620916896
1013 16843009 0.317908 3.18642 0 21904
1014 -1623237264 0.361858 3.1771 -1 -575255200
1015 21904 0.298282 3.32101 1129185280 32708
1016 4 0.31836 3.18709 1120141312 1120141312
1017 16843009 0.347188 3.26021 1088421888 1088421888
1018 -1623237168 0.330565 3.34668 -1082130432 177
1019 21904 0.427003 3.01945 1101004800 0
1020 3 0.453034 2.92342 0 -1623203312
1021 16843009 0.474804 2.83414 -1 21904
1022 -1623467552 0.494313 2.91628 1130102784 -575255232
1023 21904 0.507892 2.77847 1116733440 32708
1024 384 0.496999 2.74459 1088421888 1088421888
1025 114 0.456495 2.85101 -1082130432 -1082130432
1026 33 0.456951 3.07003 49 97
1027 0 0.496365 3.18433 0 0
1152 1143 0.0627424 0.887607 -1620349488 0
1153 0 2.99982 12.67 21904 0
1157 0 0.0509974 0.795282 21904 0
1158 2236 0.0617116 0.744542 97 0
1159 0 0.0305558 0.570647 0 0
1160 2428 0.0450024 0.729901 59 0
1161 0 0.0399877 0.686339 0 0
1162 2718 0.0230523 0.47861 2388 0
1163 0 0.0167494 0.271922 0 0
1164 2533 0.0363486 0.591473 1802 0
1165 0 0.0259808 0.572616 0 0
1166 2747 0.0473528 0.594674 2028 0
1167 0 0.0143892 0.436191 0 0
1168 2896 0.0227871 0.480808 2314 0
1169 0 0.0439298 0.599134 0 0
1170 2758 0.0442763 0.637403 2586 0
1171 0 0.0343014 0.567418 0 0
1172 2759 0.0478316 0.56791 2737 0
1173 0 0.0473659 0.592931 0 0
1174 2858 0.0388585 0.591045 2917 0
1175 0 0.041623 0.60863 0 0
1176 2859 0.0391954 0.496349 2576 0
1177 0 0.0470345 0.641374 0 0
1178 129 0.0485988 0.652904 2755 0
1179 0 0.0355906 0.379742 0 0
1180 -1623337776 0.0493942 0.488882 2919 0
1181 21904 0.039476 0.50613 0 0
1182 -1618670928 0.0615826 0.556533 129 0
1183 21904 0.0422029 0.578851 0 0
1184 1124024325 0.0452914 0.632157 -1622188544 0
1185 2 0.0420688 0.553731 21904 0
1186 4 0.0667726 0.579763 -1619889584 0
1187 4 0.0365451 0.559301 21904 0
1188 -1622856624 0.0243315 0.546702 1124024325 0
1189 21904 0.0448112 0.584123 2 0
1190 -1622856624 0.0505375 0.598715 4 0
1191 21904 0.0407794 0.499064 4 0
1192 -1622856560 0.0263444 0.300605 -1621179264 0
1193 21904 0.0290795 0.468033 21904 0
1194 -1622856560 0.0125946 0.509082 -1621179264 0
1195 21904 0.0271949 0.469417 21904 0
1196 0 0.0318019 0.491266 -1621179200 0
1197 0 0.0422347 0.559448 21904 0
1198 -1622789392 0.0351289 0.542248 -1621179200 0
1199 21904 0.0418463 0.52676 21904 0
1200 -1617489752 0.0345652 0.514654 0 0
1201 21904 0.0387076 0.395124 0 0
1202 -1617489680 0.0392202 0.51298 -1623494480 0
1203 21904 0.0561089 0.651854 21904 0
1204 16 0.0531405 0.600023 -1620484872 0
1205 0 0.0340134 0.446228 21904 0
1206 4 0.0691146 0.658484 -1620484800 0
1207 0 0.0321866 0.463225 21904 0
1208 0 0.0571404 0.577953 16 0
1209 21904 0.0488568 0.55907 0 0
1210 65 0.0353689 0.508933 4 0
1211 0 0.0587913 0.597549 0 0
1212 100 0.0410505 0.521497 0 0
1213 0 0.0530179 0.654461 0 0
1214 1245 0.0562387 0.679185 113 0
1215 0 0.0329306 0.473913 0 0
1216 1694 0.0334109 0.538892 286 0
1217 0 0.03417 0.489299 0 0
1218 1662 0.0429465 0.542859 1119 0
1219 0 0.0400415 0.540016 0 0
1220 2283 0.0407364 0.57132 1425 0
1221 0 0.0358803 0.559088 0 0
1222 2036 0.0425576 0.642602 1765 0
1223 0 0.040916 0.557731 0 0
1224 2277 0.0504963 0.684767 2972 0
1225 0 0.0426016 0.580833 0 0
1226 97 0.0443373 0.607071 2482 0
1227 0 0.0400656 0.593225 0 0
1228 -1619932656 0.0374713 0.559638 2732 0
1229 21904 0.0391083 0.545127 0 0
1230 -1617489584 0.0369804 0.532682 2784 0
1231 21904 0.0442671 0.532609 0 0
1232 1065264687 0.0468387 0.564621 2952 0
1233 -1128718917 0.0412639 0.500073 0 0
1234 1036842028 0.0493766 0.595404 2774 0
1235 -1102642986 0.054054 0.612937 0 0
1236 1015497935 0.0402234 0.555174 2952 0
1237 1065319456 0.0591011 0.664196 0 0
1238 1031455036 0.059901 0.606664 2956 0
1239 1044679793 0.0592146 0.663765 0 0
1240 -1110482973 0.052256 0.64721 112 0
1241 -1116558909 0.0571417 0.668509 0 0
1242 1065237365 0.0564406 0.632525 961 0
1243 -1095918884 0.0608732 0.74075 0 0
1244 0 0.0653055 0.713215 0 0
1245 0 0.0526398 0.587465 0 0
1246 0 0.0590155 0.695246 2124197904 0
1247 1065353216 0.0535529 0.641778 21904 0
1248 0 0.0559737 0.654499 1115160576 0
1249 0 0.0654309 0.715517 0 0
1250 129 0.0608851 0.675815 -1 0
1251 0 0.0585361 0.590874 1138393088 0
1252 1524 0.0613457 0.640021 1112539136 0
1253 0 0.0667494 0.69439 1088421888 0
1254 2196 0.0615478 0.614701 -1082130432 0
1255 1088421888 0.0549068 0.555896 1088421888 1088421888
1256 -1082130432 0.0705007 0.684582 -1082130432 -1082130432
1257 1114636288 0.0542673 0.562304 1116995584 1117257728
1258 0 0.0765325 0.716085 0 0
1259 -1 0.0620041 0.614214 -1 -1
1260 1126432768 0.0528691 0.568009 1127153664 1141522432
1261 1119354880 0.0556912 0.550324 1136689152 1134231552
1262 1088421888 0.0568131 0.581947 1088421888 1088421888
1263 -1082130432 0.0510799 0.543616 -1082130432 -1082130432
1264 1101529088 0.0575425 0.571435 1107296256 1113063424
1265 0 0.0604567 0.591215 0 0
1266 -1 0.0601668 0.577623 -1 -1
1267 1126039552 0.0563462 0.554376 1103101952 1141817344
1268 1119485952 0.0628688 0.615407 1136754688 1134231552
1269 1088421888 0.0662178 0.670831 1088421888 1088421888
1270 -1082130432 0.0604814 0.615611 -1082130432 -1082130432
1271 1102053376 0.0568453 0.59058 1103101952 1116733440
1272 0 0.0602284 0.581011 0 0
1273 -1 0.0445145 0.520464 -1 -1
1274 1126891520 0.0551735 0.57786 1094713344 1141456896
1275 1119485952 0.0485137 0.516319 1137016832 1134297088
1276 1088421888 0.0509075 0.549348 1088421888 1088421888
1277 -1082130432 0.0573714 0.592704 -1082130432 -1082130432
1278 1113063424 0.0624649 0.653629 1106247680 1115947008
1279 0 0.0543132 0.562608 0 0
1280 -1 0.0616109 0.598817 -1 -1
1281 1125384192 0.0637771 0.634366 1084227584 1141686272
1282 1119617024 0.0486982 0.523756 1137147904 1134297088
1283 1088421888 0.0505712 0.556821 1088421888 1088421888
1284 -1082130432 0.0470713 0.538011 -1082130432 -1082130432
1285 1107296256 0.0587958 0.590997 1103101952 1102577664
1286 0 0.0577689 0.598364 0 0
1287 -1 0.0583294 0.622601 -1 -1
1288 1126432768 0.0614968 0.646212 1106771968 1141964800
1289 1119617024 0.0587272 0.592621 1137704960 1134100480
1290 1088421888 0.0582212 0.628667 1088421888 1088421888
1291 -1082130432 0.056675 0.570564 -1082130432 -1082130432
1292 1104674816 0.0592513 0.656136 1102053376 1088421888
1293 0 0.0545715 0.578402 0 0
1294 -1 0.047134 0.530623 -1 -1
1295 1125842944 0.0561742 0.614986 1113325568 1138917376
1296 1119748096 0.0529028 0.581073 1137278976 1134329856
1297 1088421888 0.052757 0.579552 1088421888 1088421888
1298 -1082130432 0.0450055 0.55326 -1082130432 -1082130432
1299 1107820544 0.0435104 0.506719 1107296256 1119092736
1300 0 0.0485495 0.578623 0 0
1301 -1 0.0506263 0.638387 -1 -1
1302 1126825984 0.039507 0.544122 1112539136 1139638272
1303 1119748096 0.0470039 0.611868 1137311744 1134329856
1304 1088421888 0.041319 0.576136 1088421888 1088421888
1305 -1082130432 0.0471989 0.641494 -1082130432 -1082130432
1306 1108082688 0.0499403 0.652008 1102053376 1104150528
1307 0 0.0408435 0.581501 0 0
1308 -1 0.0407459 0.608675 -1 -1
1309 1127088128 0.0469343 0.642845 1111490560 1139834880
1310 1119748096 0.0515152 0.699564 1137475584 1134428160
1311 1088421888 0.0433684 0.652837 1088421888 1088421888
1312 -1082130432 0.0435697 0.634413 -1082130432 -1082130432
1313 1113063424 0.0403748 0.591493 1107820544 1115684864
1314 0 0.0460053 0.60398 0 0
1315 -1 0.0302966 0.538425 -1 -1
1316 1125580800 0.0493424 0.697273 1109917696 1138982912
1317 1119879168 0.0367424 0.467046 1137606656 1134526464
1318 1088421888 0.0402763 0.593933 1088421888 1088421888
1319 -1082130432 0.0323791 0.509083 -1082130432 -1082130432
1320 1117257728 0.0400835 0.582008 1105199104 1102577664
1321 0 0.0441871 0.622901 0 0
1322 -1 0.0372814 0.539901 -1 -1
1323 1126367232 0.0405052 0.657076 1109655552 1139179520
1324 1119879168 0.0324949 0.57107 1137770496 1134526464
1325 1088421888 0.0370892 0.638849 1088421888 1088421888
1326 -1082130432 0.0242319 0.502404 -1082130432 -1082130432
1327 1119354880 0.0516627 0.754157 1107296256 1104674816
1328 0 0.0534771 0.803463 0 0
1329 -1 0.0309322 0.603399 -1 -1
1330 1126105088 0.0269091 0.571249 1116733440 1139113984
1331 1120010240 0.0244693 0.581477 1136852992 1134592000
1332 1088421888 0.0248847 0.620725 1088421888 1088421888
1333 -1082130432 0.0256237 0.626527 -1082130432 -1082130432
1334 1119485952 0.0168963 0.498319 1101529088 1102577664
1335 0 0.0247948 0.632403 0 0
1336 -1 0.0264622 0.652991 -1 -1
1337 1126432768 0.0455231 0.849651 1118175232 1139212288
1338 1120141312 0.0152198 0.571401 1137016832 1134592000
1339 1088421888 0.0169733 0.602495 1088421888 1088421888
1340 -1082130432 0.0277432 0.752042 -1082130432 -1082130432
1341 1122369536 0.0217685 0.669639 1107558400 1102053376
1342 0 0.0202304 0.664308 0 0
1343 -1 0.0299425 0.732053 -1 -1
1344 1104674816 0.0202693 0.675291 1116602368 1138950144
1345 1124728832 0.0366386 0.704646 1137147904 1134657536
1346 1088421888 0.017055 0.622649 1088421888 1088421888
1347 -1082130432 0.0198745 0.636791 -1082130432 -1082130432
1348 1103626240 0.0241672 0.692473 1117388800 1103101952
1349 0 0.0253705 0.705621 0 0
1350 -1 0.0327277 0.671346 -1 -1
1351 1102577664 0.0332451 0.655016 1119354880 1139277824
1352 1124859904 0.0222317 0.603464 1137147904 1134854144
1353 1088421888 0.0238113 0.466306 1088421888 1088421888
1354 -1082130432 0.0207062 0.491436 -1082130432 -1082130432
1355 1110441984 0.0288179 0.614625 1111752704 1109655552
1356 0 0.0263826 0.566035 0 0
1357 -1 0.0323259 0.48632 -1 -1
1358 1103626240 0.0356095 0.681718 1118306304 1139212288
1359 1124859904 0.0268657 0.722934 1137213440 1134952448
1360 1088421888 0.0304713 0.779674 1088421888 1088421888
1361 -1082130432 0.0256687 0.63067 -1082130432 -1082130432
1362 1110441984 0.0419809 0.838882 1106771968 1108344832
1363 0 0.0453123 0.827196 0 0
1364 -1 0.053434 0.97747 -1 -1
1365 1106247680 0.055544 1.04103 1118699520 1139146752
1366 1124990976 0.0561428 1.02058 1137213440 1135017984
1367 1088421888 0.0826743 1.22552 1088421888 1088421888
1368 -1082130432 0.06056 1.05615 -1082130432 -1082130432
1369 1106247680 0.0327738 0.561677 1103101952 1101529088
1370 0 0.0316293 0.611951 0 0
1371 -1 0.0235986 0.661012 -1 -1
1372 1099431936 0.0265846 0.682087 1119223808 1138982912
1373 1125056512 0.022055 0.649861 1137213440 1135149056
1374 1088421888 0.0439486 1.01879 1088421888 1088421888
1375 -1082130432 0.0407584 0.912862 -1082130432 -1082130432
1376 1118437376 0.0593402 0.503468 1109917696 1101004800
1377 0 0.0478053 0.577561 0 0
1378 -1 0.0431813 0.904896 -1 -1
1379 1101529088 0.057129 0.32132 1116340224 1140850688
1380 1125122048 0.099087 0.241088 1137246208 1134329856
1381 1088421888 0.0420945 0.826467 1088421888 1088421888
1382 -1082130432 0.0387831 0.699687 -1082130432 -1082130432
1383 1101529088 0.0281007 0.888713 1107558400 1102577664
1384 0 0.0510752 0.622574 0 0
1385 -1 0.0346916 0.827797 -1 -1
1386 1103101952 0.0238749 0.856595 1117782016 1139900416
1387 1125187584 0.0649581 0.480885 1137246208 1134460928
1388 1088421888 0.108318 0.573863 1088421888 1088421888
1389 -1082130432 0.0797677 0.915174 -1082130432 -1082130432
1390 1105723392 0.0558656 0.602481 1101529088 1108869120
1391 0 0.0525491 0.895987 0 0
1392 -1 0.0613756 0.785902 -1 -1
1393 1105723392 0.121364 2.22685 1116078080 1140621312
1394 1125187584 0.0431595 0.862778 1137278976 1134460928
1395 1088421888 0.0467918 1.11446 1088421888 1088421888
1396 -1082130432 0.0491963 0.899928 -1082130432 -1082130432
1397 1103101952 0.0574253 0.694136 1105199104 1120665600
1398 0 0.0732156 0.60826 0 0
1399 -1 0.0584451 0.7643 -1 -1
1400 1095761920 0.0787716 0.358779 1115684864 1140785152
1401 1125318656 0.0697722 0.691813 1137311744 1134460928
1402 1088421888 0.0562462 1.13698 1088421888 1088421888
1403 -1082130432 0.0662453 1.5789 -1082130432 -1082130432
1404 1101004800 0.0625569 1.05623 1110704128 1117782016
1405 0 0.101686 2.08924 0 0
1406 -1 0.0873939 1.85833 -1 -1
1407 1099431936 0.073437 0.793813 1119354880 1140883456
1408 1125384192 0.0565168 1.27366 1137311744 1134460928
1409 1088421888 0.0385987 1.04323 1088421888 1088421888
1410 -1082130432 0.100412 1.01916 -1082130432 -1082130432
1411 1108082688 0.0612189 0.734501 1107558400 1114636288
1412 0 0.031312 1.09651 0 0
1413 -1 0.0353129 1.16152 -1 -1
1414 1106771968 0.0599583 1.14338 1116864512 1140424704
1415 1125384192 0.0563435 0.757112 1137344512 1134493696
1416 1088421888 0.0508003 0.90656 1088421888 1088421888
1417 -1082130432 0.0488072 1.39329 -1082130432 -1082130432
1418 1108082688 0.0791591 0.620915 1118044160 1107296256
1419 0 0.0541016 0.996602 0 0
1420 -1 0.087492 2.19995 -1 -1
1421 1102053376 0.0491334 0.909784 1115947008 1140883456
1422 1125515264 0.0570398 0.942993 1137475584 1134526464
1423 1088421888 0.0690886 0.761603 1088421888 1088421888
1424 -1082130432 0.0565717 0.815379 -1082130432 -1082130432
1425 1102577664 0.0494207 1.00227 1123287040 1113063424
1426 0 0.076354 0.730072 0 0
1427 -1 0.076858 0.731392 -1 -1
1428 1099431936 0.0703419 0.659005 1117388800 1140785152
1429 1125580800 0.0975108 0.686582 1137541120 1134559232
1430 1088421888 0.0820989 0.611982 1088421888 1088421888
1431 -1082130432 0.128834 1.12624 -1082130432 -1082130432
1432 1105199104 0.0777423 0.758348 1105723392 1103101952
1433 0 0.108936 2.39331 0 0
1434 -1 0.0655865 0.770445 -1 -1
1435 1106247680 0.104901 0.344287 1122893824 1140867072
1436 1125646336 0.0950868 0.537493 1136754688 1134624768
1437 1088421888 0.0573866 1.12547 1088421888 1088421888
1438 -1082130432 0.0571377 0.938267 -1082130432 -1082130432
1439 1111228416 0.0877509 0.563453 1102577664 1116602368
1440 0 0.0872952 0.7648 0 0
1441 -1 0.0798097 2.0435 -1 -1
1442 1099956224 0.0842611 1.5729 1121320960 1139998720
1443 1125711872 0.134317 2.3569 1136787456 1134690304
1444 1088421888 0.145091 2.4728 1088421888 1088421888
1445 -1082130432 0.0806278 0.811055 -1082130432 -1082130432
1446 1113849856 0.0791166 0.599334 1102053376 1107558400
1447 0 0.0745942 1.4552 0 0
1448 -1 0.133901 2.60361 -1 -1
1449 1088421888 0.116143 0.612435 1121976320 1140326400
1450 1125777408 0.0901843 1.24699 1136787456 1134854144
1451 1088421888 0.0999861 0.599915 1088421888 1088421888
1452 -1082130432 0.106946 1.92937 -1082130432 -1082130432
1453 1123680256 0.0920054 1.44233 1107558400 1111228416
1454 0 0.0782992 0.737206 0 0
1455 -1 0.0954691 0.445827 -1 -1
1456 1097859072 0.0763733 2.01563 1123024896 1140129792
1560 -1 0.0275309 0.554416 -1 -1
1561 1112276992 2.29933 36.8246 1124859904 1141374976
1570 1088421888 0.0221152 0.728356 1088421888 1088421888
1571 -1082130432 0.848889 3.15995 -1082130432 -1082130432
1572 1101529088 0.709663 2.40401 1102053376 1114374144
1573 0 0.489183 1.69388 0 0
1574 -1 0.0258488 0.657504 -1 -1
1575 1108082688 0.0249246 0.623944 1125580800 1140981760
1576 1125253120 0.0209653 0.616368 1136852992 1134526464
1577 1088421888 0.0286408 0.66067 1088421888 1088421888
1578 -1082130432 0.0190336 0.630677 -1082130432 -1082130432
1579 1107558400 0.02323 0.661964 1116209152 1108869120
1580 0 0.0156245 0.696712 0 0
1581 -1 0.0233495 0.670204 -1 -1
1582 1109655552 0.0261627 0.74385 1124990976 1140899840
1583 1125253120 0.0307974 0.705832 1136918528 1134657536
1584 1088421888 0.0244608 0.732794 1088421888 1088421888
1585 -1082130432 0.0259012 0.733709 -1082130432 -1082130432
1586 1102053376 0.0197469 0.673266 1109131264 1104150528
1587 0 0.0195735 0.658391 0 0
1588 -1 0.0248671 0.69675 -1 -1
1589 1109131264 0.0251178 0.713222 1125318656 1141374976
1590 1125318656 0.0326527 0.676085 1136918528 1134690304
1591 1088421888 0.0272922 0.697927 1088421888 1088421888
1592 -1082130432 0.0236986 0.642542 -1082130432 -1082130432
1593 1102577664 0.0208569 0.639381 1106247680 1101529088
1594 0 0.0230278 0.65286 0 0
1595 -1 0.0283583 0.641722 -1 -1
1596 1110179840 0.0132185 0.706517 1125449728 1141047296
1597 1125384192 0.0143539 0.702203 1137016832 1134723072
1598 1088421888 0.0211181 0.710712 1088421888 1088421888
1599 -1082130432 0.0147572 0.731626 -1082130432 -1082130432
1600 1113063424 0.0260445 0.598682 1116340224 1111752704
1601 0 0.0190515 0.664532 0 0
1602 -1 0.0243458 0.629802 -1 -1
1603 1111752704 0.0229302 0.59775 1125646336 1141374976
1604 1125449728 0.0284954 0.566603 1137115136 1134755840
1605 1088421888 0.0268791 0.584715 1088421888 1088421888
1606 -1082130432 0.040759 0.540431 -1082130432 -1082130432
1607 1105199104 0.0309416 0.538673 1109655552 1105199104
1608 0 0.0363815 0.54735 0 0
1609 -1 0.0329663 0.543318 -1 -1
1610 1110179840 0.0291003 0.54474 1124335616 1141047296
1611 1125580800 0.0283054 0.486747 1137180672 1134788608
1612 1088421888 0.0211656 0.550475 1088421888 1088421888
1613 -1082130432 0.0276099 0.474757 -1082130432 -1082130432
1614 1113587712 0.0212922 0.540409 1102053376 1110704128
1615 0 0.0286241 0.480637 0 0
1616 -1 0.017257 0.543512 -1 -1
1617 1110966272 0.0171709 0.558713 1123680256 1141407744
1618 1125646336 0.019966 0.474024 1137246208 1134854144
1619 1088421888 0.0207827 0.449648 1088421888 1088421888
1620 -1082130432 0.028102 0.399949 -1082130432 -1082130432
1621 1115160576 0.0197562 0.473953 1107820544 1102053376
1622 0 0.028127 0.554234 0 0
1623 -1 0.0235866 0.502429 -1 -1
1624 1107558400 0.0312776 0.334695 1123942400 1140981760
1625 1125908480 0.0304094 0.505909 1137377280 1135050752
1626 1088421888 0.031391 0.608201 1088421888 1088421888
1627 -1082130432 0.0413614 0.684206 -1082130432 -1082130432
1628 1103101952 0.0274905 0.577368 1106247680 1104150528
1629 0 0.0266083 0.475117 0 0
1630 -1 0.0252408 0.423723 -1 -1
1631 1109655552 0.0273739 0.614982 1125580800 1140932608
1632 1125974016 0.028644 0.504491 1137639424 1135214592
1633 1088421888 0.0214646 0.522909 1088421888 1088421888
1634 -1082130432 0.0289929 0.634489 -1082130432 -1082130432
1635 1103101952 0.0254787 0.646947 1102577664 1106771968
1636 0 0.0283544 0.672373 0 0
1637 -1 0.0270239 0.540165 -1 -1
1638 1113849856 0.0263106 0.605428 1123418112 1141456896
1639 1125974016 0.0415947 0.660683 1137672192 1134329856
1640 1088421888 0.0351709 0.616467 1088421888 1088421888
1641 -1082130432 0.037554 0.629791 -1082130432 -1082130432
1642 1106771968 0.0383106 0.628832 1110966272 1116864512
1643 0 0.0353874 0.512427 0 0
1644 -1 0.0325842 0.536436 -1 -1
1645 1115160576 0.0353427 0.583451 1125646336 1141571584
1646 1125974016 0.0448946 0.645991 1137737728 1134329856
1647 1088421888 0.0389309 0.598253 1088421888 1088421888
1648 -1082130432 0.0436437 0.665002 -1082130432 -1082130432
1649 1116209152 0.0323991 0.433682 1101529088 1106247680
1650 0 0.0356173 0.466691 0 0
1651 -1 0.0312639 0.519458 -1 -1
1652 1115815936 0.0360193 0.341579 1125711872 1141686272
1653 1124532224 0.0335028 0.296428 1136951296 1134329856
1654 1088421888 0.0319342 0.344035 1088421888 1088421888
1655 -1082130432 0.0300241 0.371534 -1082130432 -1082130432
1656 1104674816 0.0267082 0.447153 1106771968 1105199104
1657 0 0.0306568 0.260675 0 0
1658 -1 0.0301066 0.332351 -1 -1
1659 1116078080 0.0241901 0.400853 1126105088 1141768192
1660 1124532224 0.0309551 0.243843 1137049600 1134329856
1661 1088421888 0.0312435 0.33082 1088421888 1088421888
1662 -1082130432 0.0273945 0.488492 -1082130432 -1082130432
1663 1110179840 0.0351237 0.185648 1107558400 1112276992
1664 0 0.0274983 0.360368 0 0
1665 -1 0.0229911 0.473776 -1 -1
1666 1118437376 0.0255721 0.529943 1125711872 1141817344
1667 1124597760 0.0241817 0.440803 1137082368 1134329856
1668 1088421888 0.0210556 0.607091 1088421888 1088421888
1669 -1082130432 0.0249402 0.575858 -1082130432 -1082130432
1670 1104674816 0.0205403 0.554834 1116078080 1103626240
1671 0 0.025938 0.715874 0 0
1672 -1 0.0233446 0.654701 -1 -1
1673 1115422720 0.0213534 0.538358 1126039552 1141424128
1674 1124859904 0.0198331 0.564459 1137410048 1134395392
1675 1088421888 0.0207416 0.629613 1088421888 1088421888
1676 -1082130432 0.0230956 0.414369 -1082130432 -1082130432
1677 1104150528 0.0226148 0.400589 1108344832 1110441984
1678 0 0.0219504 0.506937 0 0
1679 -1 0.0230909 0.571546 -1 -1
1680 1116733440 0.0253269 0.495845 1125974016 1141604352
1681 1124990976 0.0310332 0.550063 1137573888 1134460928
1682 1088421888 0.0265108 0.591181 1088421888 1088421888
1683 -1082130432 0.0283064 0.723657 -1082130432 -1082130432
1684 1116864512 0.0263187 0.567248 1102577664 1112276992
1685 0 0.0338865 0.82851 0 0
1686 -1 0.0260841 0.587376 -1 -1
1687 1116078080 0.0266033 0.704757 1125711872 1141473280
1688 1125646336 0.0260469 0.590621 1137737728 1134493696
1689 1088421888 0.029012 0.555731 1088421888 1088421888
1690 -1082130432 0.0337517 0.645394 -1082130432 -1082130432
1691 1106247680 0.0303903 0.456114 1103626240 1107558400
1692 0 0.0336299 0.632647 0 0
1693 -1 0.0268964 0.616387 -1 -1
1694 1117126656 0.0299027 0.632596 1106771968 1141522432
1695 1125842944 0.0301501 0.62896 1137836032 1134493696
1696 1088421888 0.0280261 0.714378 1088421888 1088421888
1697 -1082130432 0.0298424 0.648428 -1082130432 -1082130432
1698 1107820544 0.0327767 0.654158 1110179840 1117126656
1699 0 0.0320185 0.674132 0 0
1700 -1 0.0366451 0.590724 -1 -1
1701 1115947008 0.0367585 0.699369 1106247680 1141768192
1702 1125908480 0.0390103 0.65508 1137901568 1134592000
1703 1088421888 0.0375973 0.512695 1088421888 1088421888
1704 -1082130432 0.038135 0.621044 -1082130432 -1082130432
1705 1122893824 0.0353124 0.577572 1110704128 1114374144
1706 0 0.0420045 0.690823 0 0
1707 -1 0.0500304 0.692277 -1 -1
1708 1116471296 0.0477816 0.75861 1097859072 1141768192
1709 1125908480 0.0480867 0.769615 1138425856 1134723072
1710 1088421888 0.0511898 0.826565 1088421888 1088421888
1711 -1082130432 0.0449752 0.708813 -1082130432 -1082130432
1712 1108082688 0.0499173 0.708556 1105723392 1115947008
1713 0 0.0538238 0.818734 0 0
1714 -1 0.0516374 0.767433 -1 -1
1715 1120403456 0.0505355 0.707736 1109655552 1141702656
1716 1124597760 0.0466081 0.572943 1137803264 1134788608
1717 1088421888 0.0497821 0.661049 1088421888 1088421888
1718 -1082130432 0.0584961 0.869602 -1082130432 -1082130432
1719 1106771968 0.0518432 0.64868 1102577664 1107820544
1720 0 0.0423256 0.563934 0 0
1721 -1 0.0498202 0.642742 -1 -1
1722 1119748096 0.0547015 0.613294 1107558400 1141440512
1723 1124728832 0.0512472 0.670968 1137934336 1134952448
1724 1088421888 0.0456014 0.548502 1088421888 1088421888
1725 -1082130432 0.0505093 0.584552 -1082130432 -1082130432
1726 1105723392 0.0431123 0.588315 1103626240 1101004800
1727 0 0.04098 0.562338 0 0
1728 -1 0.0383483 0.427734 -1 -1
1729 1119879168 0.039672 0.444682 1114898432 1141571584
1730 1125908480 0.0400776 0.55236 1585 1585
1731 1088421888 0.0386857 0.574981 0 0
1732 -1082130432 0.0403494 0.508371 -1611167904 -1607313072
1733 1101004800 0.0413011 0.498507 21904 21904
1734 0 0.0366083 0.548583 -1609281344 -1609281344
1735 -1 0.0405418 0.631888 21904 21904
1736 1124466688 0.0382405 0.501123 0 0
1737 1125580800 0.0424747 0.53621 0 0
1738 1088421888 0.0416885 0.593865 0 0
1739 -1082130432 0.0429448 0.534816 0 0
1740 1105199104 0.0472103 0.646427 -1609066320 1121189888
1741 0 0.0428183 0.454128 21904 0
1742 -1 0.0499476 0.751479 -1620354288 -1
1743 1124401152 0.049646 0.683174 21904 1141702656
1744 1125777408 0.0443142 0.604947 0 1135017984
1745 1088421888 0.0488064 0.732963 0 1088421888
1746 -1082130432 0.0388186 0.450625 1521 -1082130432
1747 1111490560 0.0399077 0.507984 0 1103626240
1748 0 0.0484622 0.74901 -1618574144 0
1749 -1 0.0339822 0.607169 21904 -1
1750 1128923136 0.0390947 0.573801 1505 1505
1751 1124532224 0.03635 0.652376 0 0
1752 1088421888 0.036688 0.550564 -1608147024 -1607312992
1753 -1082130432 0.0413492 0.672627 21904 21904
1754 1108344832 0.0290818 0.382414 -1604965232 -1604965232
1755 0 0.0258611 0.357062 21904 21904
1756 -1 0.036064 0.596312 0 0
1757 1129054208 0.0282387 0.298712 0 0
1758 1124663296 0.0288561 0.30902 0 0
1759 1088421888 0.0283658 0.421485 0 0
1760 -1082130432 0.0240732 0.112443 -1621004656 -1082130432
1761 1107296256 0.0197219 0.199531 21904 1104674816
1762 0 0.0286488 0.318853 -1616673120 0
1763 -1 0.0357973 0.584529 21904 -1
1764 1128398848 0.0356347 0.527425 0 1141538816
1765 1124728832 0.0395362 0.488011 0 1135116288
1766 1088421888 0.0390467 0.493083 0 1088421888
1767 -1082130432 0.0397818 0.57367 0 -1082130432
1768 1107296256 0.0421766 0.579948 -1616161792 1104674816
1769 0 0.0299963 0.416768 21904 0
1770 -1 0.0358358 0.603688 -1615020912 -1
1771 1129250816 0.0285931 0.446962 21904 1141571584
1772 1124728832 0.0432201 0.720978 -1616161792 1135116288
1773 1088421888 0.0391961 0.618592 21904 1088421888
1774 -1082130432 0.0504773 0.822622 -1615020912 -1082130432
1775 1109131264 0.050082 0.828775 21904 1104674816
1776 0 0.0462688 0.84181 7120 0
1777 -1 0.0413791 0.742841 0 -1
1778 1130102784 0.0408421 0.72096 1393 1141489664
1779 1121058816 0.0418734 0.778408 0 1135149056
1780 1088421888 0.038462 0.737188 -1608240304 1088421888
1781 -1082130432 0.0354752 0.690346 21904 -1082130432
1782 1110966272 0.0438716 0.806874 -1616921168 1119617024
1783 0 0.0443342 0.843637 21904 0
1784 -1 0.0387047 0.671666 0 -1
1785 1130692608 0.0352091 0.611719 0 1141751808
1786 1121058816 0.0341289 0.63496 0 1135214592
1787 1088421888 0.0340912 0.720691 0 1088421888
1788 -1082130432 0.0361044 0.693054 1117913088 -1082130432
1789 1107296256 0.031887 0.691059 1088421888 1101004800
1790 0 0.0255766 0.513767 -1082130432 0
1791 -1 0.0253589 0.557714 1111752704 -1
1792 7184 0.0242745 0.372387 0 1142030336
1793 0 0.028196 0.629766 -1 1134329856
1794 1248 0.0206747 0.44026 1329 1088421888
1795 0 0.0244591 0.534036 0 -1082130432
1796 1124663296 0.0229802 0.566074 -1613587776 1088421888
1797 1112539136 0.0257217 0.520834 21904 0
1798 1088421888 0.0228208 0.578656 -1620969504 -1
1799 -1082130432 0.0329747 0.752879 21904 1142145024
1800 1108344832 0.0235194 0.494861 0 1134493696
1801 0 0.0173904 0.431388 0 1088421888
1802 -1 0.0421535 1.05165 0 -1082130432
1803 1124794368 0.0365819 1.00816 0 1093664768
1804 1112801280 0.0343839 0.929311 -1621745776 0
1805 1088421888 0.0405454 1.01619 21904 -1
1806 -1082130432 0.0337036 0.764754 1281 1142030336
1807 1108082688 0.0272502 0.692663 0 1134526464
1808 0 0.0274136 0.689674 -1623117200 1088421888
1809 -1 0.0251802 0.655824 21904 -1082130432
1810 1124663296 0.0237411 0.384108 -1623017136 1095761920
1811 1113849856 0.0277141 0.267615 21904 0
1812 1088421888 0.0249706 0.421125 0 -1
1813 -1082130432 0.0201304 0.257521 0 1142063104
1814 1104674816 0.0165466 0.263461 0 1134657536
1815 0 0.0215405 0.149497 0 1088421888
1816 -1 0.0177856 0.0977076 1120272384 -1082130432
1817 1124859904 0.0268947 0.153031 1088421888 1088421888
1818 1114636288 0.0192346 0.162923 -1082130432 0
1819 1088421888 0.0256674 0.0622813 1128398848 -1
1820 -1082130432 0.0268562 0.163997 0 1142079488
1821 1110441984 0.0242578 0.104103 -1 1134854144
1822 0 0.0291879 0.188965 1120010240 1088421888
1823 -1 0.0314607 0.276972 1118306304 -1082130432
1824 1124925440 0.0227661 0.082482 1088421888 1090519040
1825 1115684864 0.0268301 0.179907 -1082130432 0
1826 1088421888 0.0327121 0.210259 1110441984 -1
1827 -1082130432 0.0290548 0.165659 0 1139212288
1828 1102053376 0.0179262 0.356611 -1 1135411200
1829 0 0.0202777 0.241929 1120141312 1088421888
1830 -1 0.0337237 0.84381 1119748096 -1082130432
1831 1124925440 0.0411041 0.88379 1088421888 1088421888
1832 1115947008 0.0153346 0.700168 -1082130432 0
1833 1088421888 0.0136984 0.555204 1101004800 -1
1834 -1082130432 0.0234179 0.26764 0 1138851840
1835 1109393408 0.0222735 0.335565 -1 1135804416
1836 0 0.0259484 0.201783 1120665600 1088421888
1837 -1 0.0280889 0.290348 1120010240 -1082130432
1838 1127088128 0.0265461 0.176774 1088421888 1090519040
1839 1112539136 0.031411 0.496119 -1082130432 0
1840 1088421888 0.0612979 1.53195 1106247680 -1
1841 -1082130432 0.0588553 1.50273 0 1138917376
1842 1111228416 0.0657239 1.65864 1137 1135804416
1843 0 0.0496349 1.20642 0 1088421888
1844 -1 0.0740573 1.92795 -1618573760 -1082130432
1845 1125842944 0.0532018 1.0625 21904 1090519040
1846 1112801280 0.0835216 1.82569 -1608237328 0
1847 1088421888 0.0650277 1.37608 21904 -1
1848 -1082130432 0.0517958 0.834664 0 1139113984
1849 1116602368 0.0550104 0.902131 0 1135837184
1850 0 0.0445229 0.5604 0 1088421888
1851 -1 0.0455863 0.937619 0 -1082130432
1852 1125384192 0.0527854 1.45458 1088421888 1091567616
1853 1113063424 0.0630684 1.60686 -1082130432 0
1854 1088421888 0.0611458 1.49835 1103101952 -1
1855 -1082130432 0.0446146 1.17376 0 1139245056
1856 1105199104 0.0454075 1.05813 -1 1135869952
1857 0 0.0559355 1.47842 1119354880 1088421888
1858 -1 0.0483204 1.26952 1120796672 -1082130432
1933 1115422720 0.0150349 0.701134 -1 1135607808
1934 0 1.74147 6.35608 1116864512 1088421888
1935 -1 0.00846542 0.674436 1124073472 -1082130432
1936 1124728832 0.00650796 0.642215 1088421888 1101004800
1937 1118830592 0.0149912 0.605865 -1082130432 0
1938 1088421888 0.0106016 0.60787 1108869120 -1
1939 -1082130432 0.0107932 0.61704 0 1141604352
1940 1104674816 0.0115167 0.573581 -1 1135640576
1941 0 0.00736661 0.65049 1117126656 1088421888
1942 -1 0.00827669 0.559562 1124073472 -1082130432
1943 1124925440 0.00706413 0.62504 1088421888 1101004800
1944 1119485952 0.00634946 0.604707 -1082130432 0
1945 1088421888 0.012518 0.672265 1106771968 -1
1946 -1082130432 0.0173471 0.683482 721 1141620736
1947 1116995584 0.00534295 0.633295 0 1136001024
1948 0 0.0131569 0.738751 -1618573344 1088421888
1949 -1 0.0101487 0.788282 21904 -1082130432
1950 1124859904 0.010987 0.63016 -575254688 1109131264
1951 1119879168 0.0106854 0.59589 32708 0
1952 1088421888 0.0088773 0.490168 1108344832 -1
1953 -1082130432 0.0179603 0.526138 0 1141997568
1954 1102577664 0.0145823 0.489968 -1 1136001024
1955 0 0.0114891 0.648491 1116602368 1088421888
1956 -1 0.010789 0.526519 1124270080 -1082130432
1957 1124925440 0.0159692 0.526353 1088421888 1090519040
1958 1120141312 0.00855465 0.579013 -1082130432 0
1959 1088421888 0.018517 0.48078 1104674816 -1
1960 -1082130432 0.0175848 0.536518 0 -1082130432
1961 1104150528 0.0193578 0.581191 -1 1104674816
1962 0 0.0270671 0.447599 657 657
1963 -1 0.0121883 0.630067 0 0
1964 1127088128 0.0126308 0.51266 -1617451008 -1617451008
1965 1116733440 0.0175646 0.54942 21904 21904
1966 1088421888 0.0331689 0.392062 -575254752 -1607312144
1967 -1082130432 0.023413 0.440938 32708 21904
1968 1108344832 0.0197251 0.42455 -1 1114112000
1969 0 0.0305277 0.519551 1119485952 0
1970 -1 0.056805 0.641903 625 625
1971 1127088128 0.0207165 0.433048 0 0
1972 1117257728 0.0433973 0.839993 -1618573248 -575254784
1973 1088421888 0.0226132 0.434412 21904 32708
1974 -1082130432 0.0177153 0.5241 -575254784 -575254784
1975 1108344832 0.024828 0.678606 32708 32708
1976 0 0.0202444 0.504817 1120141312 0
1977 -1 0.0297305 0.697537 1120796672 -1
1978 1125515264 0.0168966 0.730192 1088421888 1119617024
1979 1118175232 0.036423 0.823886 -1082130432 1120665600
1980 1088421888 0.0225253 0.701581 1105723392 1088421888
1981 -1082130432 0.0255815 0.721135 0 -1082130432
1982 1113849856 0.0126895 0.704391 -1 1119223808
1983 0 0.0209171 0.590202 1123024896 0
1984 -1 0.012948 0.716466 1120796672 -1
1985 1125842944 0.0170427 0.634049 1088421888 1122500608
1986 1118568448 0.0218458 0.725371 -1082130432 1120796672
1987 1088421888 0.0123604 0.65018 1104150528 1088421888
1988 -1082130432 0.0217574 0.91893 0 -1082130432
1989 1106247680 0.0350275 0.654069 -1 1103101952
1990 0 0.0115561 0.726734 545 545
1991 -1 0.0331435 0.709771 0 0
1992 1126105088 0.0236177 0.570339 -1622935936 -1607312032
1993 1118699520 0.027437 0.487873 21904 21904
1994 1088421888 0.0116564 0.648878 -575254864 -575254864
1995 -1082130432 0.0249553 0.54426 32708 32708
1996 1116340224 0.0165703 0.837771 -1 1106771968
1997 0 0.0197893 0.559462 1123287040 0
1998 -1 0.032532 0.600815 1121189888 -1
1999 1126957056 0.0552083 0.472989 1088421888 1122500608
2000 1118830592 0.0178861 0.701131 -1082130432 1121058816
2001 1088421888 0.022359 0.435269 1107296256 1088421888
2002 -1082130432 0.0328733 0.472593 0 -1082130432
2003 1108082688 0.043924 0.442456 -1 1102577664
2004 0 0.0176246 0.568379 1122238464 0
2005 -1 0.0425376 0.368985 1121714176 -1
2006 1126432768 0.0155628 0.639966 1088421888 1121845248
2007 1118961664 0.0338591 0.431463 -1082130432 1121452032
2008 1088421888 0.0155349 0.639244 1105723392 1088421888
2009 -1082130432 0.0187092 0.577017 0 -1082130432
2010 1101529088 0.0336361 0.616165 -1 1101529088
2011 0 0.0208639 0.587426 1122762752 0
2012 -1 0.0135183 0.786966 1122500608 -1
2013 1126760448 0.0125838 0.69149 1088421888 1122369536
2014 1119092736 0.0228946 0.538701 -1082130432 1121452032
2015 1088421888 0.0281462 0.682928 1115815936 1088421888
2016 -1082130432 0.0211502 0.598126 0 -1082130432
2017 1114636288 0.0240085 0.662545 -1 1104674816
2018 0 0.0217548 0.564085 1123287040 0
2019 -1 0.0340826 0.874001 1124401152 -1
2020 1126432768 0.0269028 0.560191 1088421888 1122762752
2021 1119354880 0.0419704 0.646006 -1082130432 1121583104
2022 1088421888 0.0207746 0.604502 1104674816 1088421888
2023 -1082130432 0.0442831 0.501934 0 -1082130432
2024 1101529088 0.0679443 0.279228 -1 1106771968
2025 0 0.0636287 0.534215 1120534528 0
2026 -1 0.0584537 0.610788 401 401
2027 1126039552 0.068469 0.443667 0 0
2028 1119485952 0.072637 0.365996 -1618672640 -1607311888
2029 1088421888 0.0945076 0.985843 21904 21904
2030 -1082130432 0.0923304 0.999592 -575255008 -575255008
2176 378888276 0.0145855 0.34013 0 1124024325
2177 1074987381 4.29577 59.7814 0 2
2182 -1422832439 0.0270125 0.342901 0 -1619304448
2183 1072317939 0.0278698 0.208432 0 21904
2184 -746716837 0.0205379 0.199785 0 -1619304384
2185 -1078301561 0.0280015 0.271347 0 21904
2186 -1976755694 0.0198583 0.190781 0 -1619304384
2187 1073674911 0.0325371 0.28106 0 21904
2188 2770 0.020462 0.312581 0 0
2189 2937 0.0338153 0.187001 0 0
2190 81 0.0145678 0.408274 0 -1623439152
2191 0 0.0237557 0.176748 0 21904
2192 -1622760752 0.0464556 0.174163 0 -1618572408
2193 21904 0.0207889 0.353525 0 21904
2194 -1623261136 0.0162568 0.325798 0 -1618572336
2195 21904 0.0179555 0.363742 0 21904
2196 2428 0.0236925 0.481006 0 16
2197 0 0.0149517 0.272518 0 0
2198 1559 0.0202483 0.314029 0 4
2199 0 0.0170355 0.299752 0 0
2200 1488 0.0287602 0.366747 0 0
2201 -1127728038 0.0413262 0.316162 0 51
2202 2486 0.0207333 0.284528 0 97
2203 0 0.0111305 0.284195 0 0
2204 2490 0.0159902 0.260036 0 2124351136
2205 0 0.024156 0.358599 0 21904
2206 2891 0.0117908 0.255144 0 2124351136
2207 0 0.0150134 0.222904 0 21904
2208 80 0.0223016 0.253699 0 0
2209 0 0.00952954 0.237717 0 1
2210 35120 0.0284198 0.252622 0 -1622186176
2211 0 0.0168212 0.282316 0 21904
2212 -1090485227 0.0100019 0.201695 0 -1622186176
2213 -1118903666 0.0125361 0.193603 0 21904
2214 1058887503 0.00891077 0.206978 0 64
2215 -1087283275 0.00359466 0.191699 0 0
2216 1061167166 0.00549347 0.19408 0 0
2217 1077292274 0.00657951 0.236969 0 21904
2218 -1118763754 0.00413874 0.381857 0 0
2219 1041739244 0.00826875 0.201624 0 0
2220 1052074647 0.00987764 0.228963 0 0
2221 -1068838576 0.0067615 0.284912 0 0
2222 -1073110709 0.00892939 0.188255 0 0
2223 1082307427 0.0124518 0.285632 0 0
2224 -1131927200 0.0113045 0.336403 0 0
2225 1030689663 0.0116429 0.205996 0 0
2226 1057585868 0.0113399 0.290826 0 97
2227 -1079902975 0.00776318 0.290425 0 0
2228 -1067813038 0.0130317 0.25997 0 -1618678576
2229 1087528482 0.0097492 0.306154 0 21904
2230 -1107160416 0.0200646 0.405522 0 -1618572208
2231 1043357553 0.0148914 0.308361 0 21904
2232 1049617192 0.0150408 0.342732 0 1065062894
2233 -1106773733 0.0200132 0.350664 0 -1121097344
2234 1043657069 0.0181681 0.314219 0 1043900216
2235 1049478868 0.0145096 0.426363 0 1032128221
2236 -1112370428 0.0210389 0.28621 0 1024478149
2237 1036978576 0.0231055 0.298207 0 1065327676
2238 1054882091 0.0206066 0.322595 0 1026414828
2239 -1097230321 0.0177455 0.333416 0 1021911784
2240 986693032 0.027829 0.383326 0 -1103481266
2241 1058281107 0.0161765 0.316724 0 -1122971234
2242 -1095006861 0.022727 0.317976 0 1065062816
2243 -1119953921 0.0146532 0.485318 0 -1113992436
2244 1058188634 0.0223518 0.329946 0 0
2245 -1096949304 0.0152592 0.395434 0 0
2246 1032271477 0.0161756 0.324327 0 0
2247 1057711643 0.0242235 0.695697 0 1065353216
2248 1126039552 0.0234411 0.530828 0 0
2249 1088421888 0.0179307 0.276692 0 0
2250 -1082130432 0.0170744 0.424509 0 129
2251 1099956224 0.0110126 0.363893 0 0
2252 0 0.00997701 0.343963 0 -1623217104
2253 -1 0.00954264 0.323636 0 21904
2254 1100480512 0.0172034 0.273219 0 -1622814848
2255 1126039552 0.0131492 0.319619 0 21904
2256 1088421888 0.0135023 0.372178 0 1124024325
2257 -1082130432 0.00961075 0.32599 0 2
2258 1088421888 0.0220466 0.431349 0 4
2259 0 0.0264277 0.50684 0 4
2260 -1 0.0242811 0.401326 0 -1619988512
2261 1097859072 0.0232917 0.297571 0 21904
2262 1126236160 0.0294735 0.445197 0 -1619988512
2263 1088421888 0.0255246 0.429013 0 21904
2264 -1082130432 0.0171273 0.326883 0 -1619988448
2265 1088421888 0.0209369 0.354383 0 21904
2266 0 0.0150884 0.395556 0 -1619988448
2267 -1 0.0238092 0.332352 0 21904
2268 1096810496 0.0173965 0.291653 0 0
2269 1127350272 0.0424346 0.930713 0 0
2270 1088421888 0.0223854 0.43549 0 -1623485792
2271 -1082130432 0.031482 0.657552 0 21904
2272 1091567616 0.0189166 0.223622 0 -1618572088
2273 0 0.0219615 0.296032 0 21904
2274 -1 0.024769 0.544419 0 -1618572016
2275 1090519040 0.0222788 0.506855 0 21904
2276 1127415808 0.0166527 0.318424 0 16
2277 1088421888 0.015701 0.212832 0 0
2278 -1082130432 0.0120425 0.226247 0 4
2279 1088421888 0.0150505 0.179253 0 0
2280 0 0.0128264 0.209259 0 0
2281 -1 0.0180812 0.275334 0 0
2282 1114898432 0.0117174 0.217885 0 113
2283 1126760448 0.0153625 0.285522 0 0
2284 1088421888 0.0193837 0.445196 0 365
2285 -1082130432 0.0107964 0.187175 0 0
2286 1088421888 0.0181497 0.318645 0 1194
2287 0 0.0152304 0.287079 0 0
2288 -1 0.0146036 0.202051 0 1649
2289 1117913088 0.0116902 0.250089 0 0
2290 1126039552 0.0168421 0.302773 0 2097
2291 1088421888 0.0157644 0.210693 0 0
2292 -1082130432 0.0155616 0.225745 0 2598
2293 1092616192 0.0105349 0.0971305 0 0
2294 0 0.0115289 0.25689 0 1602
2295 -1 0.0100648 0.17748 0 0
2296 1119223808 0.0118141 0.256615 0 2139
2297 1127481344 0.0127611 0.245994 0 0
2298 1088421888 0.0077507 0.224294 0 2537
2299 -1082130432 0.00759403 0.228424 0 0
2300 1088421888 0.0143765 0.31679 0 2375
2301 0 0.0169911 0.355808 0 0
2302 -1 0.0183404 0.177387 0 2816
2303 1121976320 0.0140972 0.134385 0 0
2304 1126367232 0.0256796 0.239627 0 2397
2305 1088421888 0.0180931 0.240883 0 0
2306 -1082130432 0.0268629 0.355914 0 2327
2307 1088421888 0.01427 0.353886 0 0
2308 0 0.0183928 0.236766 0 112
2309 -1 0.01129 0.322794 0 0
2310 1099956224 0.00900525 0.373159 0 97
2311 1132068864 0.00598469 0.265132 0 0
2312 1088421888 0.0166882 0.279106 0 2124351136
2313 -1082130432 0.0135191 0.509422 0 21904
2314 1090519040 0.0137744 0.331166 0 2124351136
2315 0 0.0121846 0.304033 0 21904
2316 -1 0.0125057 0.239202 0 0
2317 1118961664 0.00895411 0.265907 0 1
2318 1131610112 0.0122668 0.291598 0 -1623253216
2319 1088421888 0.019028 0.520173 0 21904
2320 -1082130432 0.0338952 0.700314 0 -1623253216
2321 1090519040 0.0196911 0.292194 0 21904
2322 0 0.00783382 0.293493 0 64
2323 -1 0.00810877 0.307674 0 0
2324 1118306304 0.0167475 0.279056 0 0
2325 1131675648 0.0108059 0.300265 0 1053507077
2326 1088421888 0.0130464 0.461442 0 0
2327 -1082130432 0.0030038 0.219109 0 0
2328 1088421888 0.00421648 0.179749 0 0
2329 0 0.0211711 0.187604 0 0
2330 -1 0.0112888 0.327966 0 0
2331 1116995584 0.0166591 0.32717 0 0
2332 1124139008 0.00964538 0.365779 0 0
2333 1088421888 0.00846515 0.380673 0 0
2334 -1082130432 0.0132676 0.381833 0 97
2335 1109917696 0.0185973 0.399641 0 0
2336 0 0.0163263 0.449839 0 2124351136
2337 -1 0.0168145 0.418989 0 21904
2338 1117782016 0.0102902 0.373497 0 2124351136
2339 1124204544 0.0148632 0.454624 0 21904
2340 1088421888 0.0173833 0.337894 0 0
2341 -1082130432 0.00679379 0.54536 0 1
2342 1106247680 0.0219063 0.317566 0 -1623503856
2343 0 0.0240225 0.327248 0 21904
2344 -1 0.025439 0.33303 0 -1623503856
2345 1118175232 0.0197594 0.29928 0 21904
2346 1124204544 0.0281807 0.337814 0 64
2347 1088421888 0.018083 0.323866 0 0
2348 -1082130432 0.0253804 0.362257 0 0
2349 1107820544 0.0215621 0.383911 0 -1113621296
2350 0 0.0186769 0.404956 0 0
2351 -1 0.0258898 0.343701 0 0
2352 1099431936 0.033105 0.329808 0 0
2353 1124925440 0.0418002 0.447912 0 0
2354 1088421888 0.0257971 0.324705 0 0
2355 -1082130432 0.0290405 0.369011 0 0
2356 1102053376 0.0269503 0.336117 0 0
2357 0 0.0302446 0.399392 0 0
2358 -1 0.0291252 0.37417 0 97
2359 1098907648 0.025068 0.43168 0 0
2360 1125318656 0.0303368 0.424704 0 -1620461472
2361 1088421888 0.0232171 0.184137 0 21904
2362 -1082130432 0.0271818 0.273287 0 -1618571680
2363 1102577664 0.0235547 0.238461 0 21904
2364 0 0.031754 0.292369 0 1063772367
2365 -1 0.038271 0.335646 0 -1111384896
2366 1106771968 0.0238539 0.306515 0 1054048096
2367 1125515264 0.0439067 0.331007 0 -1080821412
2368 1088421888 0.0286772 0.314516 0 1036948172
2369 -1082130432 0.0508872 0.475181 0 1065267294
2370 1101529088 0.0841699 0.536801 0 1003847232
2371 0 0.0947385 0.625339 0 -1086140634
2372 -1 0.139827 0.794938 0 -1093485870
2373 1090519040 0.110112 0.633165 0 1024622014
2374 1125974016 0.113368 0.747943 0 1063854522
2375 1088421888 0.106519 0.761898 0 1060773892
2376 -1082130432 0.100016 0.612907 0 0
2377 1103101952 0.107813 0.612203 0 0
2378 0 0.117084 0.511638 0 0
2379 -1 0.154639 0.868266 0 1065353216
2380 1114112000 0.107383 0.701135 0 2828
2381 1124401152 0.105732 0.55271 0 0
2382 1088421888 0.108051 0.474126 0 97
2383 -1082130432 0.148582 0.841544 0 0
2384 1106247680 0.126701 0.590297 0 -1619313488
2385 0 0.127648 0.597599 0 21904
2386 -1 0.0873191 0.421308 0 -1618571584
2387 1115160576 0.120633 0.535883 0 21904
2388 1124401152 0.13276 0.654724 0 1065036792
2389 1088421888 0.130341 0.679269 0 -1112279064
2390 -1082130432 0.112507 0.541621 0 1043352993
2391 1102577664 0.113496 0.539839 0 1043255472
2392 0 0.148711 0.887351 0 1035530582
2393 -1 0.14172 0.842501 0 1065284333
2394 1113325568 0.14054 0.791056 0 -1144075872
2395 1124466688 0.094102 0.354754 0 -1096332560
2396 1088421888 0.10393 0.513195 0 -1104215310
2397 -1082130432 0.112405 0.665178 0 1018304208
2398 1103626240 0.0882677 0.339536 0 1065102344
2399 0 0.124858 0.770147 0 1070069264
2400 -1 0.108164 0.65308 0 0
2401 1109131264 0.113113 0.76582 0 0
2402 1125122048 0.0939571 0.504521 0 0
2403 1088421888 0.104624 0.580259 0 1065353216
2404 -1082130432 0.0986935 0.557849 0 96
2405 1101004800 0.100259 0.656274 0 0
2406 0 0.0815291 0.426501 0 33
2407 -1 0.0701591 0.307254 0 0
2408 1110179840 0.0696128 0.248773 0 -1622887824
2409 1125646336 0.0901902 0.524433 0 21904
2410 1088421888 0.110736 0.702234 0 -1619933440
2411 -1082130432 0.0831304 0.430019 0 21904
2412 1103626240 0.121422 0.804839 0 0
2413 0 0.103972 0.650599 0 0
2414 -1 0.114151 0.718954 0 33
2415 1117388800 0.0985581 0.552037 0 0
2416 1124270080 0.0972985 0.456964 0 -1619284160
2417 1088421888 0.113491 0.63134 0 21904
2418 -1082130432 0.103964 0.633321 0 -1612293776
2419 1101004800 0.103905 0.602791 0 21904
2420 0 0.100573 0.606625 0 -1983409280
2421 -1 0.10629 0.686697 0 21904
2422 1117650944 0.1144 0.826813 0 145
2423 1124270080 0.109572 0.717843 0 0
2424 1088421888 0.108575 0.776859 0 1982382020
2425 -1082130432 0.0925874 0.631222 0 -1074167417
2426 1101004800 0.0905587 0.587987 0 -428979016
2427 0 0.0725326 0.576637 0 1072672980
2428 -1 0.0482646 0.361143 0 619273529
2429 1118437376 0.0600501 0.31086 0 1070146735
2430 1124270080 0.0490583 0.365115 0 508849601
2431 1088421888 0.0639757 0.414791 0 1073120391
2432 -1082130432 0.116046 0.729769 0 -1338626357
2433 1105199104 0.13051 0.737527 0 1074412855
2434 0 0.131021 0.804219 0 1275522366
2435 -1 0.137431 0.783893 0 -1075390781
2436 1115422720 0.146282 0.860088 0 62565121
2437 1124401152 0.153965 0.942933 0 -1074184196
2438 1088421888 0.120651 0.788012 0 -1461582628
2439 -1082130432 0.157465 1.01228 0 1065908004
2440 1102053376 0.15125 0.865303 0 1875517032
2578 1088421888 0.504832 6.43818 0 -1619512096
2579 -1082130432 5.37107 7.52071 0 21904
2662 1088421888 0.0708667 0.876162 0 -1618570464
2663 -1082130432 4.84577 33.5313 0 21904
2665 0 0.035293 0.435582 0 0
2666 -1 0.0468534 0.546872 0 4
2667 1110179840 0.0570572 0.725357 0 0
2668 1128792064 0.0904412 1.26218 0 0
2669 1088421888 0.0983979 1.24138 0 0
2670 -1082130432 0.103592 1.34388 0 97
2671 1101004800 0.0830944 1.05793 0 0
2672 0 0.0788297 1.09997 0 -1622659776
2673 -1 0.0857746 1.16748 0 21904
2674 1114112000 0.0791882 1.17935 0 -1618570432
2675 1129185280 0.0924052 1.17769 0 21904
2676 1088421888 0.0768077 1.02472 0 1064689764
2677 -1082130432 0.0659215 0.963474 0 1033772786
2678 1103101952 0.0734244 1.00208 0 -1098319907
2679 0 0.0750549 1.14009 0 -1068317809
2680 -1 0.0746745 1.20075 0 -1112646028
2681 1109393408 0.0712577 1.15273 0 1065289516
2682 1129381888 0.0690233 1.12203 0 -1131097528
2683 1088421888 0.066786 1.10192 0 -1070044402
2684 -1082130432 0.0752177 1.12992 0 1049082595
2685 1102577664 0.0671545 1.00616 0 1025819360
2686 0 0.0770624 1.24804 0 1064738870
2687 -1 0.0758735 1.10302 0 1077499254
2688 1108869120 0.0762175 1.1071 0 0
2689 1129578496 0.0780077 1.11485 0 0
2690 1088421888 0.0776067 1.08715 0 0
2691 -1082130432 0.0827342 1.18305 0 1065353216
2692 1101004800 0.0740318 1.09567 0 0
2693 0 0.0801115 1.11819 0 0
2694 -1 0.0856111 1.1634 0 65
2695 1115422720 0.0745743 1.07994 0 0
2696 1128464384 0.0914478 1.1881 0 1086305862
2697 1088421888 0.0930041 1.24192 0 1086305862
2698 -1082130432 0.0866156 1.1819 0 1086305862
2699 1104674816 0.0774165 1.08845 0 1086305862
2700 0 0.0915819 1.19013 0 1086305862
2701 -1 0.0824114 1.13968 0 1091176540
2702 1117519872 0.101727 1.20905 0 1091176540
2703 1128464384 0.092778 1.20076 0 1091176540
2704 1088421888 0.0937546 1.21293 0 1095156827
2705 -1082130432 0.0915211 1.26914 0 1095156827
2706 1103101952 0.0876196 1.20352 0 1099898046
2707 0 0.0636099 1.0581 0 2404
2708 -1 0.051933 1.01419 0 2569
2709 -757935410 0.0451641 0.956114 0 2973
2710 -757803820 0.0634753 1.0002 0 33
2711 -791620910 0.0412637 0.913987 0 0
2712 -875836464 0.0408406 0.895486 0 -1609913328
2713 -909588280 0.043519 0.857998 0 21904
2714 -892679735 0.0411066 0.86106 0 -1601179424
2715 -825307446 0.0477015 0.856175 0 21904
2716 -842282037 0.0296706 0.742428 0 2048
2717 -909521459 0.0285764 0.785007 0 0
2718 -892679479 0.0292112 0.789957 0 113
2719 -943208505 0.0228208 0.742111 0 0
2720 -909523001 0.0246568 0.759571 0 298
2721 -960051511 0.0202338 0.694562 0 0
2722 -1010580541 0.0211198 0.811467 0 850
2723 -993737789 0.0184672 0.747387 0 0
2724 -993737532 0.0101062 0.69142 0 1304
2725 -926365496 0.0353984 0.750268 0 0
2726 -943208248 0.0204106 0.787475 0 1317
2727 -976894521 0.0348315 0.817846 0 0
2728 -1044200766 0.0394923 0.764606 0 1972
2729 -1027423807 0.0415688 0.853006 0 0
2730 -1111638590 0.0436326 0.845354 0 1809
2731 -1162167622 0.0241272 0.823508 0 0
2732 -1195853126 0.0258392 0.744697 0 2766
2733 -1229539656 0.0142893 0.744254 0 0
2734 -1162233415 0.00732841 0.671468 0 2229
2735 -1128482118 0.00956365 0.745766 0 0
2736 -1128481604 0.0130216 0.723311 0 2543
2737 -1128481604 0.0153309 0.713556 0 0
2738 -1111638852 0.013325 0.729032 0 2838
2739 -1077952579 0.012506 0.681309 0 0
2740 -1111507009 0.0179039 0.769569 0 2648
2741 -1145324099 0.0150029 0.738408 0 0
2742 -1179010629 0.021762 0.753076 0 2920
2743 -1246316874 0.0155302 0.762922 0 0
2744 -1212697163 0.0145235 0.782146 0 2855
2745 -1280068681 0.0159648 0.789058 0 0
2746 -1380929360 0.0198087 0.780202 0 129
2747 -1431654995 0.0176006 0.747822 0 0
2748 -1414812758 0.0165852 0.790519 0 -1620919520
2749 -1448432982 0.013574 0.758927 0 21904
2750 -1431656023 0.0206063 0.785666 0 -1618720400
2751 -1431655766 0.0283157 0.729117 0 21904
2752 -1330795091 0.0245311 0.735198 0 1124024325
2753 -1364283216 0.0362487 0.704435 0 2
2754 -1347440722 0.02781 0.743253 0 4
2755 -1313688910 0.0363677 0.580371 0 4
2756 -1229540943 0.0334495 0.762832 0 -1623483744
2757 -1162167626 0.0344514 0.731979 0 21904
2758 -1128547397 0.0248971 0.722944 0 -1623483744
2759 -1061110596 0.0282122 0.720779 0 21904
2760 -1027423552 0.0283776 0.637652 0 -1623483680
2761 -1145193027 0.0234989 0.795326 0 21904
2762 -1094796357 0.0242307 0.739651 0 -1623483680
2763 -1077952578 0.0375904 0.730162 0 21904
2764 -1145258820 0.032703 0.665009 0 0
2765 -1128481861 0.0317996 0.653803 0 0
2766 -1162167620 0.0292931 0.827598 0 -1619603776
2767 -1162233415 0.0346425 0.86693 0 21904
2768 -1195853126 0.0278293 0.866433 0 -1618570104
2769 -1263225672 0.0548699 0.722781 0 21904
2770 -1212894028 0.0655516 0.622117 0 -1618570032
2771 -1229539401 0.0363263 0.780182 0 21904
2772 -1195853642 0.0229996 0.892013 0 16
2773 -1212630856 0.0251784 0.791713 0 0
2774 -1179011145 0.0380897 0.799933 0 4
2775 -1179010631 0.0375243 0.756575 0 0
2776 -1245987909 0.050048 0.843098 0 0
2777 -1263225419 0.0492972 0.765044 0 0
2778 -1280068684 0.0405232 0.745129 0 33
2779 -1246448460 0.0586393 0.683894 0 0
2780 -1246382667 0.0562677 0.812635 0 -1619327616
2781 -1280068683 0.0429832 0.783196 0 21904
2782 -1297109073 0.0421497 0.723535 0 -1622724240
2783 -1280068942 0.0488323 0.816519 0 21904
2784 -1313754701 0.0441188 0.701066 0 701294619
2785 -1263357262 0.050666 0.757526 0 1104472691
2786 -1296911180 0.0411731 0.706456 0 113
2787 -1280068686 0.027025 0.867284 0 0
2788 -1263291469 0.0377742 0.803613 0 -67072934
2789 -1212697420 0.0398579 0.892297 0 -1074733997
2790 -1179010633 0.0684928 1.0092 0 1991951473
2791 -1128613190 0.0526817 0.960921 0 1070688349
2792 -1094796100 0.043637 0.913681 0 775605668
2793 -1111638594 0.0339197 0.794595 0 1073373433
2794 -1078149956 0.0640314 0.979142 0 1037065265
2795 -1077952577 0.0654887 1.05239 0 -1074515961
2796 -1077952577 0.0747288 0.942139 0 445626254
2797 -1010712127 0.0796838 1.02269 0 1071714442
2798 -1044266045 0.0604263 0.992189 0 -281453203
2799 -993737535 0.010865 0.752843 0 -1074162990
2800 -1060912189 0.0367069 0.899803 0 131430117
2801 -1044266816 0.0541004 0.894436 0 -1073591697
2802 -1061109567 0.0292915 0.891114 0 1066315054
2803 -1094598207 0.0561617 0.9971 0 1072732793
2804 -1094795586 0.0390503 0.895223 0 -1503317450
2805 -1077952578 0.0318082 0.886183 0 -1072485054
2806 -1162036036 0.0436898 0.94064 0 -1255432322
2807 -1195853126 0.0490082 1.03714 0 -1074535940
2808 -1179010632 0.0542906 0.92475 0 -266659082
2809 -1195853640 0.0538962 0.789146 0 -1075690010
2810 -1212696392 0.0481845 0.778062 0 2039127491
2811 -1212696649 0.0440828 0.820416 0 -1072459381
2812 -1162299208 0.0443924 0.842458 0 2965
2813 -1094796614 0.054889 0.82528 0 2892
2814 -1044266562 0.0727672 0.749326 0 113
2815 -1027423550 0.0586421 0.810681 0 0
2816 -960052542 0.0524802 0.770296 0 261
2817 -909522490 0.0435792 0.851286 0 0
2818 -808727605 0.0594208 0.840285 0 808
2819 -774778929 0.0467134 0.923771 0 0
2820 -724249391 0.0468667 1.01273 0 825
2821 -791424045 0.046506 0.945238 0 0
2822 -808464176 0.0453019 0.905433 0 1659
2823 -741092401 0.0412761 0.782154 0 0
2824 -757869613 0.0547873 0.910308 0 2390
2825 -774778158 0.0318907 0.749814 0 0
2826 -774778415 0.0472706 0.653827 0 2020
2827 -858993460 0.0491059 0.629878 0 0
2828 -858993460 0.0727386 0.619527 0 2295
2829 -875836468 0.0614068 0.500878 0 0
2830 -875836469 0.0471821 0.523568 0 2391
2831 -842150965 0.0671795 0.539929 0 0
2832 -825307443 0.046995 0.610592 0 2310
2833 -1082130432 0.0537355 0.568417 0 0
2834 -1082130432 0.109033 0.728272 -1 -1
2835 -1082130432 0.116752 0.444435 1133215744 1136033792
2836 -1082130432 0.158057 0.405613 1121845248 1127677952
2837 -1082130432 0.139583 0.25533 1088421888 1088421888
2838 -1082130432 0.184394 0.286134 -1082130432 -1082130432
2839 -1082130432 0.178133 0.211577 1106771968 1109655552
2840 -1082130432 0.163762 0.700637 0 0
2841 -1082130432 0.120723 0.329825 -1 -1
2842 -1082130432 0.240981 0.194788 1132331008 1136394240
2843 -1082130432 0.24181 0.153682 1122107392 1126236160
2844 -1082130432 0.250987 0.202686 1088421888 1088421888
2845 -1082130432 0.277244 0.765716 -1082130432 -1082130432
2846 -1082130432 0.285147 0.681713 1104674816 1107558400
2847 -1082130432 0.27977 0.632596 0 0
2848 -1082130432 0.240922 0.202499 -1 -1
2849 -1082130432 0.237675 0.100766 1132331008 1136656384
2850 -1082130432 0.207938 0.383519 1122893824 1126367232
2851 -1082130432 0.168265 0.157877 1088421888 1088421888
2852 -1082130432 0.173669 0.18378 -1082130432 -1082130432
2853 -1082130432 0.194894 0.633591 1108344832 1102053376
2854 -1082130432 0.199284 0.503978 0 0
2855 -1082130432 0.177278 0.186006 -1 -1
2856 -1082130432 0.246067 0.219517 1132494848 1136361472
2857 -1082130432 0.26124 0.227641 1123024896 1126498304
2858 -1082130432 0.226544 0.432584 1088421888 1088421888
2859 -1082130432 0.209704 0.317942 -1082130432 -1082130432
2860 -1082130432 0.262137 0.270706 1101004800 1119092736
2861 -1082130432 0.287936 0.310424 0 0
2862 -1082130432 0.223116 0.16346 -1 -1
2863 -1082130432 0.238594 0.183182 1132494848 1136427008
2864 -1082130432 0.266043 0.261924 1123811328 1126498304
2865 -1082130432 0.291892 0.527702 1088421888 1088421888
2866 -1082130432 0.371739 0.698777 -1082130432 -1082130432
2867 -1082130432 0.310761 0.640387 1104674816 1121189888
2868 -1082130432 0.19922 0.117815 0 0
2869 -1082130432 0.153768 0.229817 -1 -1
2870 -1082130432 0.138201 0.330172 1132625920 1136885760
2871 -1082130432 0.108276 0.387357 1123942400 1126629376
2872 -1082130432 0.0927023 0.502907 1088421888 1088421888
2873 -1082130432 0.0823663 0.766782 -1082130432 -1082130432
2874 -1082130432 0.0782476 0.903181 1111752704 1105199104
2875 -1082130432 0.0926748 1.14021 0 0
2876 -1082130432 0.0936694 1.09321 -1 -1
2877 -1082130432 0.0345474 1.46919 1132658688 1137016832
2878 -1082130432 0.0426098 1.42118 1124139008 1126694912
2879 -1082130432 0.0451783 1.36669 1088421888 1088421888
2880 -1082130432 0.0404769 1.53633 -1082130432 -1082130432
2881 -1082130432 0.0668956 1.41839 1109655552 1101529088
2882 -1082130432 0.043108 1.55649 0 0
2883 -1082130432 0.0388043 1.4401 -1 -1
2884 -1082130432 0.0331816 1.50991 1132855296 1136918528
2885 -1082130432 0.0410785 1.43166 1124204544 1126825984
2886 -1082130432 0.0305732 1.48282 1088421888 1088421888
2887 -1082130432 0.0408527 1.44935 -1082130432 -1082130432
2888 -1082130432 0.0318306 1.54493 1108344832 1103101952
2889 -1082130432 0.0457178 1.50245 0 0
2890 -1082130432 0.031789 1.47764 -1 -1
2891 -1082130432 0.0322861 1.44786 1132625920 1136427008
2892 -1082130432 0.0433526 1.27557 1124270080 1127153664
2893 -1082130432 0.0417827 1.3479 1088421888 1088421888
2894 -1082130432 0.0344467 1.41849 -1082130432 -1082130432
2895 -1082130432 0.0386766 1.4967 1104674816 1101004800
2896 -1082130432 0.0337777 1.3867 0 0
2897 -1082130432 0.0238223 1.43049 -1 -1
2898 -1082130432 0.0405805 1.26918 1133150208 1136721920
2899 -1082130432 0.0231353 1.45719 1124401152 1127940096
2900 -1082130432 0.0172927 1.52787 1088421888 1088421888
2901 -1082130432 0.0266022 1.41205 -1082130432 -1082130432
2902 -1082130432 0.0285854 1.42151 1108344832 1108606976
2903 -1082130432 0.0355766 1.3457 0 0
2904 -1082130432 0.0285908 1.38181 -1 -1
2905 -1082130432 0.0286423 1.37028 1134067712 1137541120
2906 -1082130432 0.0248158 1.39737 1121058816 1126301696
2907 -1082130432 0.0273977 1.31976 1088421888 1088421888
2908 -1082130432 0.0242615 1.36762 -1082130432 -1082130432
2909 -1082130432 0.0181836 1.46583 1108082688 1101004800
2910 -1082130432 0.0314743 1.39857 0 0
2911 -1082130432 0.0449977 1.16227 -1 -1
2912 -1082130432 0.027922 1.27473 1133314048 1137442816
2913 -1082130432 0.0223899 1.35156 1121320960 1126760448
2914 -1082130432 0.0144309 1.45351 1088421888 1088421888
2915 -1082130432 0.0149991 1.41127 -1082130432 -1082130432
2916 -1082130432 0.0151054 1.42399 1109393408 1119354880
2917 -1082130432 0.0139514 1.42675 0 0
2918 -1082130432 0.0142529 1.41774 -1 -1
2919 -1082130432 0.012031 1.41813 1133379584 1137803264
2920 -1082130432 0.0129234 1.41204 1121320960 1127088128
2921 -1082130432 0.0134552 1.38025 1088421888 1088421888
2922 -1082130432 0.012641 1.3844 -1082130432 -1082130432
2923 -1082130432 0.0117508 1.38172 1112014848 1103626240
2924 -1082130432 0.0109405 1.40759 0 0
2925 -1082130432 0.00970569 1.43532 -1 -1
2926 -1082130432 0.0102597 1.41546 1133379584 1137541120
2927 -1082130432 0.00926773 1.43405 1121845248 1127809024
2928 -1082130432 0.00854923 1.42001 1088421888 1088421888
2929 -1082130432 0.0114726 1.40815 -1082130432 -1082130432
2930 -1082130432 0.0110331 1.38434 1121845248 1102053376
2931 -1082130432 0.0104913 1.39048 0 0
2932 -1082130432 0.0055369 1.44697 -1 -1
2933 -1082130432 0.00752627 1.43737 1133346816 1138393088
2934 -1082130432 0.00894384 1.41348 1122762752 1126825984
2935 -1082130432 0.00518892 1.42195 1088421888 1088421888
2936 -1082130432 0.00408706 1.43266 -1082130432 -1082130432
2937 -1082130432 0.00479261 1.40117 1106771968 1088421888
2938 -1082130432 0.0050508 1.42677 0 0
2939 -1082130432 0.00626953 1.41064 -1 -1
2940 -1082130432 0.00593155 1.43578 1133346816 1131806720
2941 -1082130432 0.00745809 1.42895 1123155968 1128660992
2942 -1082130432 0.00624385 1.43117 1088421888 1088421888
2943 -1082130432 0.00651091 1.44151 -1082130432 -1082130432
2944 -1082130432 0.00666024 1.42777 1108869120 1104150528
2945 -1082130432 0.00725383 1.45608 0 0
2946 -1082130432 0.00801849 1.44079 -1 -1
2947 -1082130432 0.00783079 1.44028 1133379584 1132003328
2948 -1082130432 0.0102345 1.4436 1123418112 1128726528
2949 -1082130432 0.00844961 1.43799 1088421888 1088421888
2950 -1082130432 0.00971546 1.46182 -1082130432 -1082130432
2951 -1082130432 0.00754578 1.47524 1105199104 1108082688
2952 -1082130432 0.00787028 1.48485 0 0
2953 -1082130432 0.0090752 1.45526 -1 -1
2954 -1082130432 0.00905712 1.47251 1134264320 1131741184
2955 -1082130432 0.0086591 1.46072 1123418112 1128792064
2956 -1082130432 0.00805213 1.46565 1088421888 1088421888
2957 -1082130432 0.00959684 1.45616 -1082130432 -1082130432
2958 -1082130432 0.00905327 1.46138 1119354880 1103101952
2959 -1082130432 0.00791913 1.48399 0 0
2960 -1082130432 0.00711008 1.49131 -1 -1
2961 -1082130432 0.00558615 1.50928 1133510656 1132068864
2962 -1082130432 0.00640242 1.50351 1123549184 1128923136
2963 -1082130432 0.00539001 1.51296 1088421888 1088421888
2964 -1082130432 0.00504449 1.51971 -1082130432 -1082130432
2965 -1082130432 0.00597872 1.50548 1110441984 1104674816
2966 -1082130432 0.00648348 1.48046 0 0
2967 -1082130432 0.00609699 1.49354 -1 -1
2968 -1082130432 0.00604541 1.49375 1133346816 1132462080
2969 -1082130432 0.00682071 1.48701 1123811328 1128136704
2970 -1082130432 0.006183 1.50751 1088421888 1088421888
2971 -1082130432 0.00554635 1.50134 -1082130432 -1082130432
2972 -1082130432 0.00586017 1.48843 1104674816 1104150528
2973 -1082130432 0.00427936 1.52544 0 0
2974 -1082130432 0.00704277 1.4789 -1 -1
2975 -1082130432 0.00646469 1.47093 1133608960 1132560384
2976 -1082130432 0.00735465 1.48389 1123811328 1128136704
2977 -1082130432 0.00618711 1.46313 1088421888 1088421888
2978 -1082130432 0.00631621 1.47164 -1082130432 -1082130432
2979 -1082130432 0.00706108 1.47145 1109917696 1107820544
2980 -1082130432 0.00665587 1.46111 0 0
2981 -1082130432 0.0083434 1.46109 -1 -1
2982 -1082130432 0.00709832 1.45478 1133477888 1132920832
2983 -1082130432 0.00678377 1.50396 1123942400 1128202240
2984 -1082130432 0.00816964 1.49714 1088421888 1088421888
2985 -1082130432 0.00728211 1.51166 -1082130432 -1082130432
2986 -1082130432 0.00939524 1.48645 1102577664 1112539136
2987 -1082130432 0.0106209 1.48615 0 0
2988 -1082130432 0.0121236 1.48146 -1 -1
2989 -1082130432 0.0106475 1.50931 1133674496 1133215744
2990 -1082130432 0.012069 1.50425 1124073472 11825
2991 -1082130432 0.0110341 1.50776 1088421888 0
2992 -1082130432 0.00757241 1.53998 -1082130432 -1575106928
2993 -1082130432 0.0106916 1.51415 1123155968 21904
2994 -1082130432 0.0107687 1.51915 0 -1592043648
2995 -1082130432 0.0113356 1.52212 -1 21904
2996 -1082130432 0.00990222 1.49916 1133510656 0
2997 -1082130432 0.0116534 1.51514 1124204544 0
2998 -1082130432 0.00817975 1.58442 1088421888 0
