0.1 3.74156 304 36706 0.0218619 0.496342 0
0.2 7.09073 270 36548 0.021659 0.493671 0
0.3 10.4182 236 36157 0.0206292 0.493874 0
0.4 13.8314 203 35405 0.0215106 0.490664 0
0.5 17.3986 169 34366 0.0217792 0.495837 0
0.6 21.2114 135 32907 0.0224224 0.498021 0
0.7 25.567 102 30369 0.0206723 0.497365 0
0.8 31.1764 68 26170 0.022442 0.507735 0
0.85 35.5129 51 22026 0.0248414 0.502346 0
0.9 40.0793 34 17407 0.0240278 0.498166 0
0.92 42.8661 27 14355 0.0339519 0.518628 0
0.94 45.4068 21 11500 0.0273726 0.536873 0
0.95 48.0768 17 8378 0.03681 0.590578 0
0.96 49.4114 14 6849 0.0578682 0.68294 219
0.97 50.9444 11 5068 0.0507802 0.811656 785