0.1 3.36742 337 33146 0.0211623 0.496379 0
0.2 6.6917 337 29463 0.0219012 0.494974 0
0.3 10.0895 337 25780 0.0222683 0.49816 0
0.4 13.5491 337 22097 0.0241173 0.511965 0
0.5 17.0856 337 18414 0.0262838 0.525059 8
0.6 20.749 337 14731 0.0266514 0.553269 53
0.7 24.5839 337 11048 0.0365558 0.777842 475
0.8 28.7043 337 7365 0.0460146 0.509128 523
0.85 30.9245 337 5524 0.0431751 0.497615 533
0.9 33.3036 337 3682 0.0612461 0.525455 540
0.92 34.3079 337 2946 0.0665654 0.534417 546
0.94 35.3496 337 2209 0.0679801 0.527251 548
0.95 35.8808 337 1841 0.0708462 0.538969 627
0.96 36.4388 337 1473 0.0761236 0.595189 688
0.97 37.0044 337 1104 0.0872995 0.73871 834
