0.1 3.74156 304 36706 0.0217239 0.493732 0
0.2 7.0168 270 36603 0.021932 0.494429 0
0.3 10.3651 236 36185 0.0217504 0.493804 0
0.4 13.8126 203 35405 0.0218368 0.493586 0
0.5 17.4848 169 34325 0.0221405 0.498292 0
0.6 21.218 135 32881 0.0226195 0.49941 0
0.7 25.4937 102 30445 0.020535 0.497216 0
0.8 31.3635 68 25951 0.023253 0.490483 0
0.85 35.4649 51 22083 0.0240953 0.496588 0
0.9 40.3992 34 17031 0.0251917 0.503185 0
0.92 43.283 27 13838 0.024623 0.501906 0
0.94 45.3673 21 11512 0.028408 0.500531 244
0.95 47.0415 17 9615 0.0278588 0.515598 37
0.96 48.3755 14 8098 0.0392146 0.568054 831
0.97 49.923 11 6311 0.0429974 0.501436 851
