0.1 3.7627 304 36699 0.0215622 0.493558 0
0.2 7.02217 270 36603 0.021939 0.496768 0
0.3 10.3651 236 36185 0.0200672 0.493389 0
0.4 13.8126 203 35405 0.0219188 0.491899 0
0.5 17.4129 169 34385 0.0222145 0.498677 0
0.6 21.1975 135 32904 0.0222756 0.49836 0
0.7 25.4535 102 30492 0.0206116 0.497229 0
0.8 31.1799 68 26159 0.0227221 0.500297 0
0.85 35.4104 51 22159 0.0243256 0.501931 0
0.9 40.6892 34 16675 0.0251298 0.509716 0
0.92 43.1562 27 13990 0.0248586 0.503562 0
0.94 45.4007 21 11469 0.0277649 0.530465 253
0.95 47.3349 17 9253 0.0294801 0.527492 250
0.96 48.616 14 7806 0.0368098 0.569841 1053
0.97 49.5981 11 6701 0.0432732 0.570473 630
