0.1 5.56496 337 33146 0.0203744 0.502674 0
0.2 10.1658 337 29463 0.0203496 0.496425 0
0.3 14.2928 337 25780 0.0206341 0.501837 0
0.4 18.129 337 22097 0.020862 0.510832 0
0.5 21.793 337 18414 0.0236591 0.501532 0
0.6 25.3285 337 14731 0.0288512 0.481298 0
0.7 28.7866 337 11048 0.0322789 0.535044 284
0.8 32.1841 337 7365 0.0391303 0.636561 959
0.85 33.8307 337 5524 0.0478699 0.822301 1481
0.9 35.4661 337 3682 0.0575134 0.868724 1932
0.92 36.1024 337 2946 0.0659421 0.950743 2099
0.94 36.7158 337 2209 0.0790488 1.18865 2356
